Datetime,Open,High,Low,Close,Volume,Dividends,Stock Splits
2025-01-23 09:30:00-05:00,61.79999923706055,61.86000061035156,61.369998931884766,61.560001373291016,2537180,0.0,0.0
2025-01-23 10:30:00-05:00,61.55500030517578,61.84000015258789,61.51499938964844,61.81999969482422,1457756,0.0,0.0
2025-01-23 11:30:00-05:00,61.814998626708984,61.97999954223633,61.720001220703125,61.880001068115234,1567851,0.0,0.0
2025-01-23 12:30:00-05:00,61.8849983215332,61.979522705078125,61.709999084472656,61.80500030517578,1124339,0.0,0.0
2025-01-23 13:30:00-05:00,61.80500030517578,61.93000030517578,61.80500030517578,61.835899353027344,1392380,0.0,0.0
2025-01-23 14:30:00-05:00,61.83000183105469,61.86000061035156,61.66999816894531,61.67499923706055,1698963,0.0,0.0
2025-01-23 15:30:00-05:00,61.67499923706055,61.80500030517578,61.470001220703125,61.540000915527344,3091982,0.0,0.0
2025-01-24 09:30:00-05:00,61.720001220703125,61.88990020751953,61.435001373291016,61.650001525878906,3579667,0.0,0.0
2025-01-24 10:30:00-05:00,61.63999938964844,61.88999938964844,61.61000061035156,61.709999084472656,1832513,0.0,0.0
2025-01-24 11:30:00-05:00,61.70000076293945,61.72999954223633,61.58000183105469,61.68000030517578,1029213,0.0,0.0
2025-01-24 12:30:00-05:00,61.689998626708984,61.75,61.52000045776367,61.53499984741211,1219390,0.0,0.0
2025-01-24 13:30:00-05:00,61.529998779296875,61.66999816894531,61.51499938964844,61.58000183105469,2713742,0.0,0.0
2025-01-24 14:30:00-05:00,61.577999114990234,61.7400016784668,61.48500061035156,61.7400016784668,2090522,0.0,0.0
2025-01-24 15:30:00-05:00,61.75,62.0099983215332,61.665000915527344,61.90999984741211,3238797,0.0,0.0
2025-01-27 09:30:00-05:00,62.869998931884766,63.459999084472656,62.472999572753906,62.6349983215332,4382396,0.0,0.0
2025-01-27 10:30:00-05:00,62.630001068115234,63.239898681640625,62.61750030517578,63.21500015258789,1800852,0.0,0.0
2025-01-27 11:30:00-05:00,63.220001220703125,63.5099983215332,63.150001525878906,63.4900016784668,2138028,0.0,0.0
2025-01-27 12:30:00-05:00,63.4900016784668,63.90999984741211,63.439998626708984,63.85499954223633,2122859,0.0,0.0
2025-01-27 13:30:00-05:00,63.8650016784668,63.9900016784668,63.7400016784668,63.90999984741211,1882864,0.0,0.0
2025-01-27 14:30:00-05:00,63.900001525878906,64.18000030517578,63.84000015258789,63.935001373291016,2091484,0.0,0.0
2025-01-27 15:30:00-05:00,63.939998626708984,64.00499725341797,63.810001373291016,63.880001068115234,2702125,0.0,0.0
2025-01-28 09:30:00-05:00,63.5099983215332,64.04000091552734,63.224998474121094,63.224998474121094,2626268,0.0,0.0
2025-01-28 10:30:00-05:00,63.22999954223633,63.599998474121094,63.224998474121094,63.43000030517578,1265708,0.0,0.0
2025-01-28 11:30:00-05:00,63.42499923706055,63.47999954223633,62.97999954223633,63.05500030517578,1205142,0.0,0.0
2025-01-28 12:30:00-05:00,63.060001373291016,63.11000061035156,62.875,62.914398193359375,1092094,0.0,0.0
2025-01-28 13:30:00-05:00,62.915000915527344,62.974998474121094,62.61000061035156,62.64500045776367,2221342,0.0,0.0
2025-01-28 14:30:00-05:00,62.64500045776367,62.67499923706055,62.43000030517578,62.45500183105469,1685625,0.0,0.0
2025-01-28 15:30:00-05:00,62.45500183105469,62.52000045776367,62.279998779296875,62.34000015258789,2192170,0.0,0.0
2025-01-29 09:30:00-05:00,62.560001373291016,62.939998626708984,62.54999923706055,62.904998779296875,2577776,0.0,0.0
2025-01-29 10:30:00-05:00,62.90999984741211,63.16999816894531,62.79499816894531,63.169498443603516,1400829,0.0,0.0
2025-01-29 11:30:00-05:00,63.165000915527344,63.22999954223633,63.029998779296875,63.10499954223633,832193,0.0,0.0
2025-01-29 12:30:00-05:00,63.10639953613281,63.36000061035156,63.04999923706055,63.30500030517578,1071509,0.0,0.0
2025-01-29 13:30:00-05:00,63.310001373291016,63.310001373291016,63.040000915527344,63.07820129394531,1037231,0.0,0.0
2025-01-29 14:30:00-05:00,63.07500076293945,63.16999816894531,62.939998626708984,62.9900016784668,1204963,0.0,0.0
2025-01-29 15:30:00-05:00,62.98500061035156,63.005001068115234,62.81999969482422,62.82500076293945,1452108,0.0,0.0
2025-01-30 09:30:00-05:00,63.849998474121094,63.95000076293945,63.54999923706055,63.70500183105469,2919034,0.0,0.0
2025-01-30 10:30:00-05:00,63.709999084472656,63.744998931884766,63.459999084472656,63.47010040283203,888641,0.0,0.0
2025-01-30 11:30:00-05:00,63.45000076293945,63.48500061035156,63.22999954223633,63.43000030517578,972751,0.0,0.0
2025-01-30 12:30:00-05:00,63.43000030517578,64.23500061035156,63.38999938964844,64.21499633789062,1491164,0.0,0.0
2025-01-30 13:30:00-05:00,64.22000122070312,64.28500366210938,63.9900016784668,64.11499786376953,1201615,0.0,0.0
2025-01-30 14:30:00-05:00,64.11499786376953,64.12000274658203,63.939998626708984,63.974998474121094,884262,0.0,0.0
2025-01-30 15:30:00-05:00,63.974998474121094,64.06500244140625,63.584999084472656,64.0199966430664,1818911,0.0,0.0
2025-01-31 09:30:00-05:00,63.70000076293945,63.79999923706055,63.41999816894531,63.6349983215332,2055806,0.0,0.0
2025-01-31 10:30:00-05:00,63.630001068115234,63.83000183105469,63.59000015258789,63.63819885253906,1277905,0.0,0.0
2025-01-31 11:30:00-05:00,63.6349983215332,63.82429885864258,63.619998931884766,63.78499984741211,657927,0.0,0.0
2025-01-31 12:30:00-05:00,63.790000915527344,63.93000030517578,63.7400016784668,63.77000045776367,930707,0.0,0.0
2025-01-31 13:30:00-05:00,63.7599983215332,63.775001525878906,63.47999954223633,63.505001068115234,991779,0.0,0.0
2025-01-31 14:30:00-05:00,63.5099983215332,63.66999816894531,63.494998931884766,63.60179901123047,981898,0.0,0.0
2025-01-31 15:30:00-05:00,63.60499954223633,63.6349983215332,63.38999938964844,63.459999084472656,1571227,0.0,0.0
2025-02-03 09:30:00-05:00,63.18000030517578,63.38999938964844,62.43000030517578,63.3849983215332,2809592,0.0,0.0
2025-02-03 10:30:00-05:00,63.3849983215332,63.474998474121094,63.20000076293945,63.439998626708984,1362794,0.0,0.0
2025-02-03 11:30:00-05:00,63.45000076293945,63.59000015258789,63.29999923706055,63.51499938964844,930121,0.0,0.0
2025-02-03 12:30:00-05:00,63.5099983215332,63.55649948120117,63.3849983215332,63.540000915527344,1019679,0.0,0.0
2025-02-03 13:30:00-05:00,63.54999923706055,63.62990188598633,63.43000030517578,63.52479934692383,1199020,0.0,0.0
2025-02-03 14:30:00-05:00,63.525001525878906,63.585601806640625,63.279998779296875,63.29499816894531,951794,0.0,0.0
2025-02-03 15:30:00-05:00,63.29499816894531,63.459999084472656,63.2599983215332,63.369998931884766,1327292,0.0,0.0
2025-02-04 09:30:00-05:00,63.61000061035156,63.630001068115234,62.75,62.7599983215332,2860336,0.0,0.0
2025-02-04 10:30:00-05:00,62.7599983215332,62.939998626708984,62.349998474121094,62.441001892089844,2310477,0.0,0.0
2025-02-04 11:30:00-05:00,62.44499969482422,62.685001373291016,62.375,62.525001525878906,1195935,0.0,0.0
2025-02-04 12:30:00-05:00,62.52000045776367,62.61000061035156,62.4900016784668,62.54499816894531,964738,0.0,0.0
2025-02-04 13:30:00-05:00,62.540000915527344,62.63999938964844,62.375,62.6150016784668,1093944,0.0,0.0
2025-02-04 14:30:00-05:00,62.61320114135742,62.75,62.599998474121094,62.632999420166016,1440362,0.0,0.0
2025-02-04 15:30:00-05:00,62.6349983215332,62.70000076293945,62.4900016784668,62.66999816894531,2429803,0.0,0.0
2025-02-05 09:30:00-05:00,62.720001220703125,62.97999954223633,62.584999084472656,62.8849983215332,2139049,0.0,0.0
2025-02-05 10:30:00-05:00,62.880001068115234,63.04499816894531,62.850101470947266,62.95500183105469,1240561,0.0,0.0
2025-02-05 11:30:00-05:00,62.95500183105469,62.9900016784668,62.810001373291016,62.939998626708984,644571,0.0,0.0
2025-02-05 12:30:00-05:00,62.935298919677734,63.10499954223633,62.935298919677734,63.095001220703125,657259,0.0,0.0
2025-02-05 13:30:00-05:00,63.09000015258789,63.290000915527344,63.09000015258789,63.22999954223633,1012214,0.0,0.0
2025-02-05 14:30:00-05:00,63.22999954223633,63.2400016784668,63.06999969482422,63.09000015258789,1023240,0.0,0.0
2025-02-05 15:30:00-05:00,63.09000015258789,63.22999954223633,63.09000015258789,63.119998931884766,1466197,0.0,0.0
2025-02-06 09:30:00-05:00,63.619998931884766,63.7400016784668,63.060001373291016,63.20500183105469,2261079,0.0,0.0
2025-02-06 10:30:00-05:00,63.20500183105469,63.314998626708984,63.10499954223633,63.125,1277037,0.0,0.0
2025-02-06 11:30:00-05:00,63.125,63.150001525878906,62.90999984741211,62.994998931884766,1038006,0.0,0.0
2025-02-06 12:30:00-05:00,62.994998931884766,63.189998626708984,62.91999816894531,63.16600036621094,763385,0.0,0.0
2025-02-06 13:30:00-05:00,63.165000915527344,63.33000183105469,63.13999938964844,63.29999923706055,681703,0.0,0.0
2025-02-06 14:30:00-05:00,63.30500030517578,63.33000183105469,63.209999084472656,63.22999954223633,1033126,0.0,0.0
2025-02-06 15:30:00-05:00,63.22999954223633,63.38990020751953,63.20000076293945,63.36000061035156,1363923,0.0,0.0
2025-02-07 09:30:00-05:00,63.43000030517578,63.790000915527344,63.27000045776367,63.65999984741211,2041347,0.0,0.0
2025-02-07 10:30:00-05:00,63.654998779296875,63.8650016784668,63.54999923706055,63.69499969482422,1725694,0.0,0.0
2025-02-07 11:30:00-05:00,63.70000076293945,63.900001525878906,63.689998626708984,63.77000045776367,932085,0.0,0.0
2025-02-07 12:30:00-05:00,63.76499938964844,63.880001068115234,63.744998931884766,63.775001525878906,873322,0.0,0.0
2025-02-07 13:30:00-05:00,63.77000045776367,63.81999969482422,63.68000030517578,63.720001220703125,845169,0.0,0.0
2025-02-07 14:30:00-05:00,63.724998474121094,63.91999816894531,63.724998474121094,63.779998779296875,1207207,0.0,0.0
2025-02-07 15:30:00-05:00,63.779998779296875,63.875,63.71500015258789,63.849998474121094,1839963,0.0,0.0
2025-02-10 09:30:00-05:00,64.0999984741211,64.12000274658203,63.65999984741211,64.09500122070312,2909870,0.0,0.0
2025-02-10 10:30:00-05:00,64.09500122070312,64.28500366210938,64.08499908447266,64.17990112304688,1734448,0.0,0.0
2025-02-10 11:30:00-05:00,64.17500305175781,64.27580261230469,64.08000183105469,64.08499908447266,1104214,0.0,0.0
2025-02-10 12:30:00-05:00,64.08000183105469,64.1449966430664,63.974998474121094,64.04499816894531,850075,0.0,0.0
2025-02-10 13:30:00-05:00,64.04499816894531,64.12000274658203,63.974998474121094,64.02020263671875,1228930,0.0,0.0
2025-02-10 14:30:00-05:00,64.0250015258789,64.22000122070312,64.0199966430664,64.17780303955078,1411215,0.0,0.0
2025-02-10 15:30:00-05:00,64.17500305175781,64.6500015258789,64.13999938964844,64.52999877929688,3155872,0.0,0.0
2025-02-11 09:30:00-05:00,67.5,67.63999938964844,66.48999786376953,66.66999816894531,11276854,0.0,0.0
2025-02-11 10:30:00-05:00,66.66000366210938,66.87000274658203,66.41000366210938,66.5,3386203,0.0,0.0
2025-02-11 11:30:00-05:00,66.50499725341797,67.0999984741211,66.50499725341797,66.92870330810547,2674523,0.0,0.0
2025-02-11 12:30:00-05:00,66.92500305175781,67.0999984741211,66.76000213623047,66.99500274658203,1537288,0.0,0.0
2025-02-11 13:30:00-05:00,66.99639892578125,67.08999633789062,66.87999725341797,67.06790161132812,1530024,0.0,0.0
2025-02-11 14:30:00-05:00,67.06500244140625,67.58999633789062,67.02999877929688,67.30000305175781,2886470,0.0,0.0
2025-02-11 15:30:00-05:00,67.30000305175781,67.66999816894531,67.30000305175781,67.61000061035156,3789009,0.0,0.0
2025-02-12 09:30:00-05:00,66.87000274658203,68.08000183105469,66.87000274658203,68.06999969482422,5134371,0.0,0.0
2025-02-12 10:30:00-05:00,68.06500244140625,68.22000122070312,67.69000244140625,67.91000366210938,2821740,0.0,0.0
2025-02-12 11:30:00-05:00,67.91000366210938,68.06999969482422,67.83499908447266,67.95999908447266,1641739,0.0,0.0
2025-02-12 12:30:00-05:00,67.95069885253906,68.11000061035156,67.95069885253906,68.08000183105469,1561020,0.0,0.0
2025-02-12 13:30:00-05:00,68.07859802246094,68.19000244140625,67.9800033569336,68.16000366210938,1924751,0.0,0.0
2025-02-12 14:30:00-05:00,68.15499877929688,68.33000183105469,68.125,68.29989624023438,2602455,0.0,0.0
2025-02-12 15:30:00-05:00,68.30000305175781,68.81999969482422,68.29389953613281,68.69499969482422,5406331,0.0,0.0
2025-02-13 09:30:00-05:00,69.0,69.61000061035156,69.0,69.28500366210938,5645706,0.0,0.0
2025-02-13 10:30:00-05:00,69.28500366210938,69.32969665527344,68.76200103759766,69.0250015258789,2883543,0.0,0.0
2025-02-13 11:30:00-05:00,69.02749633789062,69.33000183105469,68.91999816894531,69.1500015258789,1912965,0.0,0.0
2025-02-13 12:30:00-05:00,69.15499877929688,69.30999755859375,68.92009735107422,69.28500366210938,1649883,0.0,0.0
2025-02-13 13:30:00-05:00,69.27999877929688,69.44000244140625,69.1500015258789,69.21099853515625,2250198,0.0,0.0
2025-02-13 14:30:00-05:00,69.21499633789062,69.4000015258789,69.0999984741211,69.30999755859375,2155329,0.0,0.0
2025-02-13 15:30:00-05:00,69.30999755859375,69.55999755859375,69.30999755859375,69.48999786376953,3008840,0.0,0.0
2025-02-14 09:30:00-05:00,69.36499786376953,70.02999877929688,69.36499786376953,69.88999938964844,4203037,0.0,0.0
2025-02-14 10:30:00-05:00,69.88999938964844,69.91999816894531,69.55999755859375,69.63999938964844,2354314,0.0,0.0
2025-02-14 11:30:00-05:00,69.6449966430664,69.66000366210938,69.43000030517578,69.53500366210938,1698503,0.0,0.0
2025-02-14 12:30:00-05:00,69.52999877929688,69.54000091552734,69.16999816894531,69.19010162353516,2153291,0.0,0.0
2025-02-14 13:30:00-05:00,69.19999694824219,69.3499984741211,69.12999725341797,69.13500213623047,1694835,0.0,0.0
2025-02-14 14:30:00-05:00,69.13500213623047,69.19999694824219,68.92500305175781,68.95500183105469,2213221,0.0,0.0
2025-02-14 15:30:00-05:00,68.95500183105469,69.04499816894531,68.76000213623047,68.87000274658203,2992693,0.0,0.0
2025-02-18 09:30:00-05:00,68.55000305175781,69.08999633789062,68.41999816894531,68.6449966430664,2986726,0.0,0.0
2025-02-18 10:30:00-05:00,68.64009857177734,69.0199966430664,68.59500122070312,68.88999938964844,1323089,0.0,0.0
2025-02-18 11:30:00-05:00,68.8949966430664,69.08000183105469,68.88999938964844,69.0625,1136526,0.0,0.0
2025-02-18 12:30:00-05:00,69.06009674072266,69.20999908447266,69.00499725341797,69.20500183105469,1053906,0.0,0.0
2025-02-18 13:30:00-05:00,69.20500183105469,69.37000274658203,69.07279968261719,69.125,2269269,0.0,0.0
2025-02-18 14:30:00-05:00,69.12000274658203,69.12000274658203,68.85189819335938,68.88500213623047,1543754,0.0,0.0
2025-02-18 15:30:00-05:00,68.88999938964844,69.05999755859375,68.81999969482422,69.04000091552734,2367062,0.0,0.0
2025-02-19 09:30:00-05:00,69.20999908447266,69.71499633789062,69.16999816894531,69.51499938964844,2957733,0.0,0.0
2025-02-19 10:30:00-05:00,69.5250015258789,69.94999694824219,69.5,69.93499755859375,2374627,0.0,0.0
2025-02-19 11:30:00-05:00,69.93000030517578,69.94580078125,69.6449966430664,69.65499877929688,1242870,0.0,0.0
2025-02-19 12:30:00-05:00,69.65499877929688,69.7699966430664,69.6500015258789,69.76499938964844,1020329,0.0,0.0
2025-02-19 13:30:00-05:00,69.7699966430664,69.81999969482422,69.62999725341797,69.80000305175781,975982,0.0,0.0
2025-02-19 14:30:00-05:00,69.79499816894531,69.9000015258789,69.70500183105469,69.9000015258789,1461103,0.0,0.0
2025-02-19 15:30:00-05:00,69.8949966430664,70.12999725341797,69.87000274658203,70.08000183105469,2679226,0.0,0.0
2025-02-20 09:30:00-05:00,69.70999908447266,69.94999694824219,69.57499694824219,69.65499877929688,1817050,0.0,0.0
2025-02-20 10:30:00-05:00,69.65989685058594,69.78500366210938,69.56999969482422,69.66000366210938,944627,0.0,0.0
2025-02-20 11:30:00-05:00,69.65499877929688,69.75499725341797,69.41999816894531,69.67990112304688,906903,0.0,0.0
2025-02-20 12:30:00-05:00,69.67500305175781,69.77999877929688,69.55999755859375,69.71499633789062,996146,0.0,0.0
2025-02-20 13:30:00-05:00,69.71499633789062,69.91999816894531,69.69999694824219,69.90499877929688,805573,0.0,0.0
2025-02-20 14:30:00-05:00,69.90499877929688,69.95500183105469,69.75499725341797,69.84200286865234,942476,0.0,0.0
2025-02-20 15:30:00-05:00,69.84500122070312,70.06999969482422,69.7300033569336,70.05999755859375,1675192,0.0,0.0
2025-02-21 09:30:00-05:00,70.31999969482422,70.79000091552734,70.12999725341797,70.74500274658203,3016390,0.0,0.0
2025-02-21 10:30:00-05:00,70.73999786376953,71.5199966430664,70.69499969482422,71.4000015258789,3705148,0.0,0.0
2025-02-21 11:30:00-05:00,71.4000015258789,71.42500305175781,71.1500015258789,71.20379638671875,1273371,0.0,0.0
2025-02-21 12:30:00-05:00,71.2040023803711,71.41000366210938,71.16999816894531,71.2699966430664,1987267,0.0,0.0
2025-02-21 13:30:00-05:00,71.26000213623047,71.5999984741211,71.125,71.52400207519531,1411268,0.0,0.0
2025-02-21 14:30:00-05:00,71.5199966430664,71.56500244140625,71.33999633789062,71.36000061035156,1865897,0.0,0.0
2025-02-21 15:30:00-05:00,71.36000061035156,71.5250015258789,71.32499694824219,71.38500213623047,3032700,0.0,0.0
2025-02-24 09:30:00-05:00,70.83999633789062,71.7300033569336,70.7300033569336,71.53160095214844,4556484,0.0,0.0
2025-02-24 10:30:00-05:00,71.5374984741211,71.61000061035156,70.87000274658203,70.9800033569336,3293212,0.0,0.0
2025-02-24 11:30:00-05:00,70.9800033569336,71.06999969482422,70.5199966430664,70.6500015258789,2056513,0.0,0.0
2025-02-24 12:30:00-05:00,70.6500015258789,70.93000030517578,70.56999969482422,70.6449966430664,1410754,0.0,0.0
2025-02-24 13:30:00-05:00,70.6449966430664,70.69499969482422,70.33000183105469,70.3499984741211,1412132,0.0,0.0
2025-02-24 14:30:00-05:00,70.34500122070312,70.68499755859375,70.34500122070312,70.65499877929688,2676189,0.0,0.0
2025-02-24 15:30:00-05:00,70.6500015258789,70.77999877929688,70.4800033569336,70.61000061035156,2556505,0.0,0.0
2025-02-25 09:30:00-05:00,70.86000061035156,71.66500091552734,70.7300033569336,71.64299774169922,4318733,0.0,0.0
2025-02-25 10:30:00-05:00,71.6500015258789,71.70929718017578,71.29499816894531,71.70439910888672,2060124,0.0,0.0
2025-02-25 11:30:00-05:00,71.69999694824219,71.7698974609375,71.4749984741211,71.61000061035156,2247453,0.0,0.0
2025-02-25 12:30:00-05:00,71.61000061035156,71.61499786376953,71.08000183105469,71.2300033569336,1704678,0.0,0.0
2025-02-25 13:30:00-05:00,71.2249984741211,71.30999755859375,70.9800033569336,71.08499908447266,1872077,0.0,0.0
2025-02-25 14:30:00-05:00,71.0873031616211,71.37999725341797,71.08000183105469,71.24500274658203,1979564,0.0,0.0
2025-02-25 15:30:00-05:00,71.24500274658203,71.68000030517578,71.2300033569336,71.48500061035156,3040356,0.0,0.0
2025-02-26 09:30:00-05:00,71.2699966430664,71.2750015258789,70.66999816894531,70.84500122070312,2903960,0.0,0.0
2025-02-26 10:30:00-05:00,70.84500122070312,70.88999938964844,70.5250015258789,70.75,1610526,0.0,0.0
2025-02-26 11:30:00-05:00,70.75879669189453,71.01499938964844,70.72000122070312,70.95999908447266,1301553,0.0,0.0
2025-02-26 12:30:00-05:00,70.94999694824219,71.09500122070312,70.8949966430664,70.9749984741211,970198,0.0,0.0
2025-02-26 13:30:00-05:00,70.9800033569336,71.08999633789062,70.91000366210938,71.08000183105469,1154731,0.0,0.0
2025-02-26 14:30:00-05:00,71.08000183105469,71.13999938964844,70.7750015258789,70.78500366210938,1331885,0.0,0.0
2025-02-26 15:30:00-05:00,70.78679656982422,70.9749984741211,70.75,70.83999633789062,1887813,0.0,0.0
2025-02-27 09:30:00-05:00,70.72000122070312,71.44999694824219,70.41999816894531,71.4000015258789,3438559,0.0,0.0
2025-02-27 10:30:00-05:00,71.4000015258789,71.52999877929688,71.2699966430664,71.37000274658203,1315958,0.0,0.0
2025-02-27 11:30:00-05:00,71.37000274658203,71.48500061035156,71.19999694824219,71.4800033569336,934515,0.0,0.0
2025-02-27 12:30:00-05:00,71.48500061035156,71.52999877929688,71.33999633789062,71.37950134277344,790653,0.0,0.0
2025-02-27 13:30:00-05:00,71.375,71.41999816894531,71.30999755859375,71.36319732666016,1023768,0.0,0.0
2025-02-27 14:30:00-05:00,71.36019897460938,71.41500091552734,71.05000305175781,71.06500244140625,2142730,0.0,0.0
2025-02-27 15:30:00-05:00,71.05999755859375,71.16500091552734,70.83499908447266,70.87000274658203,2691434,0.0,0.0
2025-02-28 09:30:00-05:00,71.44999694824219,71.56999969482422,70.55999755859375,70.6050033569336,3303148,0.0,0.0
2025-02-28 10:30:00-05:00,70.61000061035156,70.84500122070312,70.55999755859375,70.6449966430664,1437132,0.0,0.0
2025-02-28 11:30:00-05:00,70.63999938964844,70.97000122070312,70.63999938964844,70.79000091552734,1052438,0.0,0.0
2025-02-28 12:30:00-05:00,70.78500366210938,70.83499908447266,70.59249877929688,70.67420196533203,1085513,0.0,0.0
2025-02-28 13:30:00-05:00,70.67500305175781,70.7300033569336,70.5999984741211,70.7300033569336,1158275,0.0,0.0
2025-02-28 14:30:00-05:00,70.7249984741211,71.05000305175781,70.68000030517578,71.04499816894531,1312858,0.0,0.0
2025-02-28 15:30:00-05:00,71.04499816894531,71.31999969482422,71.02999877929688,71.19999694824219,3346032,0.0,0.0
