Datetime,Open,High,Low,Close,Volume,Dividends,Stock Splits
2025-01-23 09:30:00-05:00,41.7599983215332,41.9900016784668,41.29999923706055,41.36000061035156,356529,0.0,0.0
2025-01-23 10:30:00-05:00,41.3849983215332,42.119998931884766,41.349998474121094,42.119998931884766,391971,0.0,0.0
2025-01-23 11:30:00-05:00,42.084999084472656,42.084999084472656,41.65999984741211,41.66999816894531,442726,0.0,0.0
2025-01-23 12:30:00-05:00,41.689998626708984,41.70000076293945,41.40999984741211,41.4900016784668,71914,0.0,0.0
2025-01-23 13:30:00-05:00,41.4900016784668,41.529998779296875,41.29999923706055,41.34000015258789,64811,0.0,0.0
2025-01-23 14:30:00-05:00,41.34000015258789,41.70000076293945,41.34000015258789,41.65999984741211,120220,0.0,0.0
2025-01-23 15:30:00-05:00,41.65999984741211,41.75,41.52000045776367,41.70000076293945,360327,0.0,0.0
2025-01-24 09:30:00-05:00,41.0,41.779998779296875,41.0,41.470001220703125,198057,0.0,0.0
2025-01-24 10:30:00-05:00,41.54249954223633,42.09000015258789,41.400001525878906,42.08000183105469,122114,0.0,0.0
2025-01-24 11:30:00-05:00,42.09000015258789,42.27000045776367,41.86000061035156,41.880001068115234,137716,0.0,0.0
2025-01-24 12:30:00-05:00,41.8849983215332,41.970001220703125,41.68000030517578,41.6974983215332,110518,0.0,0.0
2025-01-24 13:30:00-05:00,41.720001220703125,41.75,41.439998626708984,41.54499816894531,79234,0.0,0.0
2025-01-24 14:30:00-05:00,41.540000915527344,41.665000915527344,41.44499969482422,41.45000076293945,122999,0.0,0.0
2025-01-24 15:30:00-05:00,41.46500015258789,41.810001373291016,41.46500015258789,41.689998626708984,299731,0.0,0.0
2025-01-27 09:30:00-05:00,40.439998626708984,41.61000061035156,40.439998626708984,41.55500030517578,227899,0.0,0.0
2025-01-27 10:30:00-05:00,41.56999969482422,41.619998931884766,41.02000045776367,41.439998626708984,184527,0.0,0.0
2025-01-27 11:30:00-05:00,41.439998626708984,41.4900016784668,41.099998474121094,41.22999954223633,167502,0.0,0.0
2025-01-27 12:30:00-05:00,41.22999954223633,41.31999969482422,40.939998626708984,41.11000061035156,171756,0.0,0.0
2025-01-27 13:30:00-05:00,41.119998931884766,41.27000045776367,40.72999954223633,40.880001068115234,149051,0.0,0.0
2025-01-27 14:30:00-05:00,40.875,41.02000045776367,40.65999984741211,41.0,204916,0.0,0.0
2025-01-27 15:30:00-05:00,41.02000045776367,41.27899932861328,40.97999954223633,41.20500183105469,515862,0.0,0.0
2025-01-28 09:30:00-05:00,41.02000045776367,41.63990020751953,40.45000076293945,41.31999969482422,588709,0.0,0.0
2025-01-28 10:30:00-05:00,41.33000183105469,41.33000183105469,40.869998931884766,40.91999816894531,234825,0.0,0.0
2025-01-28 11:30:00-05:00,40.91999816894531,41.2599983215332,40.709999084472656,41.189998626708984,147285,0.0,0.0
2025-01-28 12:30:00-05:00,41.220001220703125,41.41999816894531,41.150001525878906,41.279998779296875,298661,0.0,0.0
2025-01-28 13:30:00-05:00,41.290000915527344,41.31999969482422,41.18000030517578,41.18000030517578,113700,0.0,0.0
2025-01-28 14:30:00-05:00,41.19499969482422,41.66999816894531,41.19499969482422,41.619998931884766,225872,0.0,0.0
2025-01-28 15:30:00-05:00,41.599998474121094,41.63999938964844,41.08000183105469,41.20000076293945,369213,0.0,0.0
2025-01-29 09:30:00-05:00,41.56999969482422,41.9900016784668,40.9900016784668,41.79999923706055,137592,0.0,0.0
2025-01-29 10:30:00-05:00,41.79999923706055,41.93000030517578,41.58000183105469,41.58000183105469,128603,0.0,0.0
2025-01-29 11:30:00-05:00,41.56999969482422,41.7400016784668,41.43000030517578,41.61000061035156,104836,0.0,0.0
2025-01-29 12:30:00-05:00,41.630001068115234,41.650001525878906,41.18000030517578,41.31999969482422,94896,0.0,0.0
2025-01-29 13:30:00-05:00,41.29999923706055,41.599998474121094,41.22999954223633,41.34000015258789,147725,0.0,0.0
2025-01-29 14:30:00-05:00,41.35499954223633,41.70000076293945,41.25,41.43000030517578,204836,0.0,0.0
2025-01-29 15:30:00-05:00,41.439998626708984,41.459999084472656,41.2599983215332,41.400001525878906,276134,0.0,0.0
2025-01-30 09:30:00-05:00,41.9900016784668,41.9900016784668,41.0,41.470001220703125,126547,0.0,0.0
2025-01-30 10:30:00-05:00,41.47999954223633,41.709999084472656,41.33000183105469,41.68000030517578,80131,0.0,0.0
2025-01-30 11:30:00-05:00,41.685001373291016,41.83000183105469,41.55500030517578,41.599998474121094,112908,0.0,0.0
2025-01-30 12:30:00-05:00,41.6150016784668,41.70000076293945,41.5,41.5,82083,0.0,0.0
2025-01-30 13:30:00-05:00,41.52000045776367,41.720001220703125,41.5099983215332,41.685001373291016,63035,0.0,0.0
2025-01-30 14:30:00-05:00,41.689998626708984,41.81999969482422,41.63999938964844,41.779998779296875,129550,0.0,0.0
2025-01-30 15:30:00-05:00,41.779998779296875,41.810001373291016,41.310001373291016,41.47999954223633,264571,0.0,0.0
2025-01-31 09:30:00-05:00,41.709999084472656,42.36000061035156,41.529998779296875,41.72999954223633,116943,0.0,0.0
2025-01-31 10:30:00-05:00,41.755001068115234,42.099998474121094,41.55540084838867,41.93000030517578,87495,0.0,0.0
2025-01-31 11:30:00-05:00,41.93000030517578,42.54999923706055,41.900001525878906,42.44499969482422,135012,0.0,0.0
2025-01-31 12:30:00-05:00,42.44499969482422,42.58000183105469,41.959999084472656,41.970001220703125,99930,0.0,0.0
2025-01-31 13:30:00-05:00,41.959999084472656,42.03499984741211,41.43000030517578,41.595001220703125,90124,0.0,0.0
2025-01-31 14:30:00-05:00,41.6150016784668,41.6150016784668,41.04999923706055,41.08000183105469,164814,0.0,0.0
2025-01-31 15:30:00-05:00,41.084999084472656,41.529998779296875,41.06999969482422,41.47999954223633,389566,0.0,0.0
2025-02-03 09:30:00-05:00,40.709999084472656,42.130001068115234,40.439998626708984,41.93000030517578,452382,0.0,0.0
2025-02-03 10:30:00-05:00,41.89500045776367,41.9900016784668,41.54999923706055,41.880001068115234,179022,0.0,0.0
2025-02-03 11:30:00-05:00,41.880001068115234,42.02000045776367,41.7599983215332,41.83000183105469,652658,0.0,0.0
2025-02-03 12:30:00-05:00,41.81999969482422,41.959999084472656,41.79999923706055,41.900001525878906,153370,0.0,0.0
2025-02-03 13:30:00-05:00,41.900001525878906,42.099998474121094,41.8849983215332,42.02000045776367,153398,0.0,0.0
2025-02-03 14:30:00-05:00,42.0099983215332,42.06999969482422,41.65999984741211,41.689998626708984,110994,0.0,0.0
2025-02-03 15:30:00-05:00,41.709999084472656,41.75,41.369998931884766,41.41999816894531,294814,0.0,0.0
2025-02-04 09:30:00-05:00,40.99449920654297,41.18000030517578,40.619998931884766,40.970001220703125,193914,0.0,0.0
2025-02-04 10:30:00-05:00,41.0,41.01499938964844,40.70119857788086,40.95500183105469,76315,0.0,0.0
2025-02-04 11:30:00-05:00,40.95500183105469,41.09000015258789,40.630001068115234,40.630001068115234,86813,0.0,0.0
2025-02-04 12:30:00-05:00,40.66999816894531,40.720001220703125,40.41999816894531,40.47999954223633,90025,0.0,0.0
2025-02-04 13:30:00-05:00,40.47999954223633,40.5099983215332,40.29999923706055,40.404998779296875,111988,0.0,0.0
2025-02-04 14:30:00-05:00,40.40999984741211,40.650001525878906,40.185001373291016,40.3916015625,398764,0.0,0.0
2025-02-04 15:30:00-05:00,40.39500045776367,40.599998474121094,40.25,40.560001373291016,343138,0.0,0.0
2025-02-05 09:30:00-05:00,40.2599983215332,40.44499969482422,39.38999938964844,40.29999923706055,414831,0.0,0.0
2025-02-05 10:30:00-05:00,40.33000183105469,40.70500183105469,40.2400016784668,40.625,115704,0.0,0.0
2025-02-05 11:30:00-05:00,40.61000061035156,41.040000915527344,40.58000183105469,40.81999969482422,195324,0.0,0.0
2025-02-05 12:30:00-05:00,40.80500030517578,40.869998931884766,40.54499816894531,40.58000183105469,189588,0.0,0.0
2025-02-05 13:30:00-05:00,40.560001373291016,41.084999084472656,40.540000915527344,40.88999938964844,156981,0.0,0.0
2025-02-05 14:30:00-05:00,40.880001068115234,40.900001525878906,40.58000183105469,40.59000015258789,216487,0.0,0.0
2025-02-05 15:30:00-05:00,40.599998474121094,40.599998474121094,40.22999954223633,40.560001373291016,401095,0.0,0.0
2025-02-06 09:30:00-05:00,40.119998931884766,40.44499969482422,39.369998931884766,39.584999084472656,467414,0.0,0.0
2025-02-06 10:30:00-05:00,39.584999084472656,39.84000015258789,39.0099983215332,39.0099983215332,551706,0.0,0.0
2025-02-06 11:30:00-05:00,39.02000045776367,39.20000076293945,38.650001525878906,39.064998626708984,346300,0.0,0.0
2025-02-06 12:30:00-05:00,39.029998779296875,39.369998931884766,38.97999954223633,39.25,237505,0.0,0.0
2025-02-06 13:30:00-05:00,39.22999954223633,39.34000015258789,38.9900016784668,39.0,189916,0.0,0.0
2025-02-06 14:30:00-05:00,39.0,40.58000183105469,38.7599983215332,38.77000045776367,247176,0.0,0.0
2025-02-06 15:30:00-05:00,38.76499938964844,38.78499984741211,38.59000015258789,38.619998931884766,407202,0.0,0.0
2025-02-07 09:30:00-05:00,38.650001525878906,38.685001373291016,37.779998779296875,38.189998626708984,456373,0.0,0.0
2025-02-07 10:30:00-05:00,38.18000030517578,38.380001068115234,37.90999984741211,38.084999084472656,338668,0.0,0.0
2025-02-07 11:30:00-05:00,38.099998474121094,38.38999938964844,38.0,38.380001068115234,373165,0.0,0.0
2025-02-07 12:30:00-05:00,38.349998474121094,38.5099983215332,38.15999984741211,38.17499923706055,224515,0.0,0.0
2025-02-07 13:30:00-05:00,38.20000076293945,38.48500061035156,38.18339920043945,38.2400016784668,369782,0.0,0.0
2025-02-07 14:30:00-05:00,38.2400016784668,38.47999954223633,38.16999816894531,38.36000061035156,529531,0.0,0.0
2025-02-07 15:30:00-05:00,38.37099838256836,38.58000183105469,38.36000061035156,38.43000030517578,486443,0.0,0.0
2025-02-10 09:30:00-05:00,38.900001525878906,39.56999969482422,38.09000015258789,38.09000015258789,500536,0.0,0.0
2025-02-10 10:30:00-05:00,38.130001068115234,38.27000045776367,37.7400016784668,38.27000045776367,600794,0.0,0.0
2025-02-10 11:30:00-05:00,38.279998779296875,38.58000183105469,38.099998474121094,38.525001525878906,357759,0.0,0.0
2025-02-10 12:30:00-05:00,38.52000045776367,38.630001068115234,38.38999938964844,38.41999816894531,363242,0.0,0.0
2025-02-10 13:30:00-05:00,38.41999816894531,38.459999084472656,38.04050064086914,38.22999954223633,339463,0.0,0.0
2025-02-10 14:30:00-05:00,38.22999954223633,38.290000915527344,37.939998626708984,37.94499969482422,652900,0.0,0.0
2025-02-10 15:30:00-05:00,37.939998626708984,38.09000015258789,37.59000015258789,37.720001220703125,959075,0.0,0.0
2025-02-11 09:30:00-05:00,36.41999816894531,40.470001220703125,36.27000045776367,39.25,2325854,0.0,0.0
2025-02-11 10:30:00-05:00,39.29999923706055,39.529998779296875,38.59000015258789,39.400001525878906,452957,0.0,0.0
2025-02-11 11:30:00-05:00,39.40999984741211,40.27880096435547,39.31999969482422,40.04999923706055,1132423,0.0,0.0
2025-02-11 12:30:00-05:00,40.099998474121094,40.099998474121094,39.817501068115234,40.02000045776367,337196,0.0,0.0
2025-02-11 13:30:00-05:00,40.0,40.56999969482422,39.650001525878906,40.20500183105469,495578,0.0,0.0
2025-02-11 14:30:00-05:00,40.209999084472656,40.27000045776367,39.689998626708984,39.849998474121094,673413,0.0,0.0
2025-02-11 15:30:00-05:00,39.88999938964844,40.279998779296875,39.779998779296875,40.130001068115234,1151228,0.0,0.0
2025-02-12 09:30:00-05:00,40.779998779296875,43.165000915527344,40.53499984741211,42.939998626708984,1157869,0.0,0.0
2025-02-12 10:30:00-05:00,42.91999816894531,43.08000183105469,42.40840148925781,42.849998474121094,704544,0.0,0.0
2025-02-12 11:30:00-05:00,42.875,43.52989959716797,42.84000015258789,43.04999923706055,473847,0.0,0.0
2025-02-12 12:30:00-05:00,43.04999923706055,43.060001373291016,42.75,42.810001373291016,252417,0.0,0.0
2025-02-12 13:30:00-05:00,42.81999969482422,42.90999984741211,42.34000015258789,42.45000076293945,271986,0.0,0.0
2025-02-12 14:30:00-05:00,42.45500183105469,43.439998626708984,42.369998931884766,43.36000061035156,613298,0.0,0.0
2025-02-12 15:30:00-05:00,43.345001220703125,43.599998474121094,43.211700439453125,43.54999923706055,863747,0.0,0.0
2025-02-13 09:30:00-05:00,43.54999923706055,44.79999923706055,43.540000915527344,44.459999084472656,710008,0.0,0.0
2025-02-13 10:30:00-05:00,44.459999084472656,44.4744987487793,43.34000015258789,43.5447998046875,500840,0.0,0.0
2025-02-13 11:30:00-05:00,43.54499816894531,43.560001373291016,42.939998626708984,43.08000183105469,309632,0.0,0.0
2025-02-13 12:30:00-05:00,43.11000061035156,43.380001068115234,43.07500076293945,43.22999954223633,290894,0.0,0.0
2025-02-13 13:30:00-05:00,43.27000045776367,43.290000915527344,42.97999954223633,43.02000045776367,317192,0.0,0.0
2025-02-13 14:30:00-05:00,43.0,43.13999938964844,42.410099029541016,42.70000076293945,578789,0.0,0.0
2025-02-13 15:30:00-05:00,42.68000030517578,42.900001525878906,42.540000915527344,42.81999969482422,738201,0.0,0.0
2025-02-14 09:30:00-05:00,43.5,44.25320053100586,43.03010177612305,43.34000015258789,285631,0.0,0.0
2025-02-14 10:30:00-05:00,43.369998931884766,43.90999984741211,43.099998474121094,43.81999969482422,276326,0.0,0.0
2025-02-14 11:30:00-05:00,43.81919860839844,43.81919860839844,43.29999923706055,43.459999084472656,143652,0.0,0.0
2025-02-14 12:30:00-05:00,43.459999084472656,43.619998931884766,43.209999084472656,43.560001373291016,115379,0.0,0.0
2025-02-14 13:30:00-05:00,43.58000183105469,43.70000076293945,43.349098205566406,43.38999938964844,168718,0.0,0.0
2025-02-14 14:30:00-05:00,43.380001068115234,43.56999969482422,43.189998626708984,43.56999969482422,187418,0.0,0.0
2025-02-14 15:30:00-05:00,43.54999923706055,43.560001373291016,43.099998474121094,43.15999984741211,471829,0.0,0.0
2025-02-18 09:30:00-05:00,43.39500045776367,44.56999969482422,43.39500045776367,44.40999984741211,197859,0.0,0.0
2025-02-18 10:30:00-05:00,44.404998779296875,44.70000076293945,44.02000045776367,44.70000076293945,183443,0.0,0.0
2025-02-18 11:30:00-05:00,44.66999816894531,45.150001525878906,44.630001068115234,44.957401275634766,292304,0.0,0.0
2025-02-18 12:30:00-05:00,44.97999954223633,45.54999923706055,44.97999954223633,45.439998626708984,358422,0.0,0.0
2025-02-18 13:30:00-05:00,45.41999816894531,45.68000030517578,45.380001068115234,45.529998779296875,356439,0.0,0.0
2025-02-18 14:30:00-05:00,45.52000045776367,45.91999816894531,45.380001068115234,45.83000183105469,494972,0.0,0.0
2025-02-18 15:30:00-05:00,45.84000015258789,46.099998474121094,45.7400016784668,46.0,490401,0.0,0.0
2025-02-19 09:30:00-05:00,46.33000183105469,46.5,45.27000045776367,45.439998626708984,309250,0.0,0.0
2025-02-19 10:30:00-05:00,45.4900016784668,45.76499938964844,45.15999984741211,45.459999084472656,285204,0.0,0.0
2025-02-19 11:30:00-05:00,45.46500015258789,45.5,45.220001220703125,45.349998474121094,186473,0.0,0.0
2025-02-19 12:30:00-05:00,45.35499954223633,45.522499084472656,45.33000183105469,45.5099983215332,124229,0.0,0.0
2025-02-19 13:30:00-05:00,45.5099983215332,45.849998474121094,45.505001068115234,45.689998626708984,130568,0.0,0.0
2025-02-19 14:30:00-05:00,45.68000030517578,45.97999954223633,45.4900016784668,45.4900016784668,172181,0.0,0.0
2025-02-19 15:30:00-05:00,45.5099983215332,45.79999923706055,45.5099983215332,45.779998779296875,323954,0.0,0.0
2025-02-20 09:30:00-05:00,46.22999954223633,47.689998626708984,45.81999969482422,45.90999984741211,902677,0.0,0.0
2025-02-20 10:30:00-05:00,45.94499969482422,46.099998474121094,44.91999816894531,45.09000015258789,426382,0.0,0.0
2025-02-20 11:30:00-05:00,45.025001525878906,45.439998626708984,44.880001068115234,45.29999923706055,868960,0.0,0.0
2025-02-20 12:30:00-05:00,45.34000015258789,45.41999816894531,44.90999984741211,44.974998474121094,184663,0.0,0.0
2025-02-20 13:30:00-05:00,44.95000076293945,45.0099983215332,44.5,44.709999084472656,189486,0.0,0.0
2025-02-20 14:30:00-05:00,44.70500183105469,44.7599983215332,44.380001068115234,44.470001220703125,319720,0.0,0.0
2025-02-20 15:30:00-05:00,44.46500015258789,44.599998474121094,44.32500076293945,44.560001373291016,541459,0.0,0.0
2025-02-21 09:30:00-05:00,44.709999084472656,44.970001220703125,43.439998626708984,43.58000183105469,157323,0.0,0.0
2025-02-21 10:30:00-05:00,43.53499984741211,43.54999923706055,42.849998474121094,42.86000061035156,221246,0.0,0.0
2025-02-21 11:30:00-05:00,42.85499954223633,42.97999954223633,42.540000915527344,42.540000915527344,191363,0.0,0.0
2025-02-21 12:30:00-05:00,42.540000915527344,42.79999923706055,42.41999816894531,42.43259811401367,185597,0.0,0.0
2025-02-21 13:30:00-05:00,42.46500015258789,42.470001220703125,42.11000061035156,42.11000061035156,160151,0.0,0.0
2025-02-21 14:30:00-05:00,42.14500045776367,42.439998626708984,42.14500045776367,42.439998626708984,192450,0.0,0.0
2025-02-21 15:30:00-05:00,42.439998626708984,42.60689926147461,42.380001068115234,42.439998626708984,444538,0.0,0.0
2025-02-24 09:30:00-05:00,42.685001373291016,42.685001373291016,41.91999816894531,42.45500183105469,256418,0.0,0.0
2025-02-24 10:30:00-05:00,42.5,42.63999938964844,42.290000915527344,42.560001373291016,186290,0.0,0.0
2025-02-24 11:30:00-05:00,42.59000015258789,42.9900016784668,42.59000015258789,42.66999816894531,179755,0.0,0.0
2025-02-24 12:30:00-05:00,42.66999816894531,43.0,42.63999938964844,42.88999938964844,110918,0.0,0.0
2025-02-24 13:30:00-05:00,42.89500045776367,42.93000030517578,42.4900016784668,42.494998931884766,109627,0.0,0.0
2025-02-24 14:30:00-05:00,42.4900016784668,42.599998474121094,41.81999969482422,41.81999969482422,140581,0.0,0.0
2025-02-24 15:30:00-05:00,41.8129997253418,41.90999984741211,41.459999084472656,41.459999084472656,429444,0.0,0.0
2025-02-25 09:30:00-05:00,41.33000183105469,42.15999984741211,41.209999084472656,41.369998931884766,237822,0.0,0.0
2025-02-25 10:30:00-05:00,41.40999984741211,41.56999969482422,41.150001525878906,41.25,136620,0.0,0.0
2025-02-25 11:30:00-05:00,41.25,41.45000076293945,41.11000061035156,41.244998931884766,98617,0.0,0.0
2025-02-25 12:30:00-05:00,41.244998931884766,41.34989929199219,40.92499923706055,40.93000030517578,82731,0.0,0.0
2025-02-25 13:30:00-05:00,40.900001525878906,41.04949951171875,40.650001525878906,40.685001373291016,125546,0.0,0.0
2025-02-25 14:30:00-05:00,40.685001373291016,40.90999984741211,40.665000915527344,40.689998626708984,208134,0.0,0.0
2025-02-25 15:30:00-05:00,40.70000076293945,40.92499923706055,40.52000045776367,40.63999938964844,296323,0.0,0.0
2025-02-26 09:30:00-05:00,40.86000061035156,40.9900016784668,40.39500045776367,40.46989822387695,167027,0.0,0.0
2025-02-26 10:30:00-05:00,40.470001220703125,40.790000915527344,40.380001068115234,40.65999984741211,366255,0.0,0.0
2025-02-26 11:30:00-05:00,40.63999938964844,40.7400016784668,40.27000045776367,40.36000061035156,83771,0.0,0.0
2025-02-26 12:30:00-05:00,40.36000061035156,40.45000076293945,40.15999984741211,40.33000183105469,199056,0.0,0.0
2025-02-26 13:30:00-05:00,40.31999969482422,40.7400016784668,40.209999084472656,40.59000015258789,284151,0.0,0.0
2025-02-26 14:30:00-05:00,40.59000015258789,40.85499954223633,40.560001373291016,40.72249984741211,291418,0.0,0.0
2025-02-26 15:30:00-05:00,40.709999084472656,40.73500061035156,40.5,40.630001068115234,370341,0.0,0.0
2025-02-27 09:30:00-05:00,40.93000030517578,41.2599983215332,39.869998931884766,40.130001068115234,256301,0.0,0.0
2025-02-27 10:30:00-05:00,40.15999984741211,40.15999984741211,39.619998931884766,39.65999984741211,101024,0.0,0.0
2025-02-27 11:30:00-05:00,39.63999938964844,40.040000915527344,39.63999938964844,39.96500015258789,192053,0.0,0.0
2025-02-27 12:30:00-05:00,40.00749969482422,40.185001373291016,39.939998626708984,40.152801513671875,96827,0.0,0.0
2025-02-27 13:30:00-05:00,40.15999984741211,40.400001525878906,39.90999984741211,39.90999984741211,128639,0.0,0.0
2025-02-27 14:30:00-05:00,39.900001525878906,39.904998779296875,39.16999816894531,39.16999816894531,154045,0.0,0.0
2025-02-27 15:30:00-05:00,39.17499923706055,39.20000076293945,38.34000015258789,38.34000015258789,464942,0.0,0.0
2025-02-28 09:30:00-05:00,38.540000915527344,39.5,37.94139862060547,38.98500061035156,277083,0.0,0.0
2025-02-28 10:30:00-05:00,38.970001220703125,39.13999938964844,38.790000915527344,38.869998931884766,252832,0.0,0.0
2025-02-28 11:30:00-05:00,38.84000015258789,39.27000045776367,38.8302001953125,39.099998474121094,159239,0.0,0.0
2025-02-28 12:30:00-05:00,39.08000183105469,39.11000061035156,38.52000045776367,38.70000076293945,158857,0.0,0.0
2025-02-28 13:30:00-05:00,38.66999816894531,38.915000915527344,38.470001220703125,38.560001373291016,135115,0.0,0.0
2025-02-28 14:30:00-05:00,38.55500030517578,38.97999954223633,38.55500030517578,38.904998779296875,168833,0.0,0.0
2025-02-28 15:30:00-05:00,38.88999938964844,38.90999984741211,38.5,38.79999923706055,373676,0.0,0.0
