Datetime,Open,High,Low,Close,Volume,Dividends,Stock Splits
2025-01-23 09:30:00-05:00,627.5,628.0,621.1500244140625,627.77001953125,1966419,0.0,0.0
2025-01-23 10:30:00-05:00,627.6849975585938,629.5499877929688,626.9000244140625,628.2730712890625,998134,0.0,0.0
2025-01-23 11:30:00-05:00,628.3499755859375,630.97998046875,627.8582153320312,628.8433837890625,759001,0.0,0.0
2025-01-23 12:30:00-05:00,628.9199829101562,630.9298706054688,627.6500244140625,630.27001953125,665295,0.0,0.0
2025-01-23 13:30:00-05:00,630.1699829101562,632.25,628.6392822265625,630.6300048828125,1083248,0.0,0.0
2025-01-23 14:30:00-05:00,630.4818725585938,632.8699951171875,630.4818725585938,632.6799926757812,849058,0.0,0.0
2025-01-23 15:30:00-05:00,632.6199951171875,636.5800170898438,631.8300170898438,636.3699951171875,1497841,0.0,0.0
2025-01-24 09:30:00-05:00,636.4749755859375,646.9000244140625,634.280029296875,641.0999755859375,6298402,0.0,0.0
2025-01-24 10:30:00-05:00,641.1400146484375,644.5999145507812,639.8800048828125,644.0477905273438,1392185,0.0,0.0
2025-01-24 11:30:00-05:00,644.0850219726562,648.169921875,644.0850219726562,647.68359375,2111828,0.0,0.0
2025-01-24 12:30:00-05:00,647.7000122070312,652.0,647.7000122070312,648.8800048828125,2637113,0.0,0.0
2025-01-24 13:30:00-05:00,648.8499755859375,648.9500122070312,643.8900756835938,644.8699951171875,1590361,0.0,0.0
2025-01-24 14:30:00-05:00,644.9099731445312,647.0999755859375,644.0,645.719970703125,1583410,0.0,0.0
2025-01-24 15:30:00-05:00,645.7999877929688,648.5800170898438,643.9201049804688,647.5,1511015,0.0,0.0
2025-01-27 09:30:00-05:00,626.594970703125,651.159912109375,625.0999755859375,650.8499755859375,8644662,0.0,0.0
2025-01-27 10:30:00-05:00,650.75,663.6599731445312,649.25,657.5999755859375,5683393,0.0,0.0
2025-01-27 11:30:00-05:00,657.625,663.8699951171875,650.110107421875,653.3499755859375,2996967,0.0,0.0
2025-01-27 12:30:00-05:00,653.5999755859375,654.125,648.0900268554688,650.719970703125,1871957,0.0,0.0
2025-01-27 13:30:00-05:00,650.6699829101562,655.0,648.7200927734375,654.0999755859375,1715928,0.0,0.0
2025-01-27 14:30:00-05:00,654.0050048828125,654.0050048828125,644.4450073242188,651.8300170898438,2117626,0.0,0.0
2025-01-27 15:30:00-05:00,651.97998046875,660.3599853515625,651.6555786132812,660.1799926757812,2241876,0.0,0.0
2025-01-28 09:30:00-05:00,666.0,675.47998046875,663.5399780273438,666.1749877929688,6295079,0.0,0.0
2025-01-28 10:30:00-05:00,666.1749877929688,674.7999877929688,659.4650268554688,672.9500122070312,3062926,0.0,0.0
2025-01-28 11:30:00-05:00,672.77001953125,680.9500122070312,671.340087890625,677.760009765625,2528931,0.0,0.0
2025-01-28 12:30:00-05:00,677.7819213867188,682.530029296875,675.3900146484375,682.02001953125,2066857,0.0,0.0
2025-01-28 13:30:00-05:00,682.0299072265625,682.2999877929688,676.4000244140625,678.7449951171875,1488135,0.0,0.0
2025-01-28 14:30:00-05:00,678.8900146484375,681.5800170898438,676.02001953125,677.75,1828223,0.0,0.0
2025-01-28 15:30:00-05:00,677.739990234375,678.3399047851562,672.3900146484375,674.0850219726562,1681006,0.0,0.0
2025-01-29 09:30:00-05:00,674.8049926757812,675.72998046875,665.6699829101562,670.2346801757812,3928140,0.0,0.0
2025-01-29 10:30:00-05:00,670.155029296875,674.75,669.1099853515625,671.3200073242188,1536741,0.0,0.0
2025-01-29 11:30:00-05:00,671.1199951171875,676.0,670.2899780273438,675.739990234375,1467330,0.0,0.0
2025-01-29 12:30:00-05:00,675.5999755859375,676.7100219726562,669.8626098632812,674.7000122070312,1380368,0.0,0.0
2025-01-29 13:30:00-05:00,674.7000122070312,675.1799926757812,671.3599853515625,671.4550170898438,1649201,0.0,0.0
2025-01-29 14:30:00-05:00,671.4550170898438,681.0458984375,670.5800170898438,680.1599731445312,2428075,0.0,0.0
2025-01-29 15:30:00-05:00,680.4600219726562,680.9400024414062,671.7000732421875,676.6300048828125,2415067,0.0,0.0
2025-01-30 09:30:00-05:00,696.8200073242188,710.7899780273438,687.4299926757812,703.340087890625,11707885,0.0,0.0
2025-01-30 10:30:00-05:00,703.5499877929688,704.1400146484375,676.0999755859375,688.3699951171875,6171924,0.0,0.0
2025-01-30 11:30:00-05:00,688.4500122070312,693.8499755859375,687.0800170898438,689.034423828125,3173061,0.0,0.0
2025-01-30 12:30:00-05:00,689.469970703125,690.9799194335938,685.5,687.4299926757812,1394530,0.0,0.0
2025-01-30 13:30:00-05:00,687.2100219726562,690.77001953125,684.5,685.8137817382812,1305773,0.0,0.0
2025-01-30 14:30:00-05:00,685.8300170898438,693.3399047851562,685.260009765625,690.8049926757812,1926422,0.0,0.0
2025-01-30 15:30:00-05:00,690.7677001953125,690.9572143554688,684.5,686.989990234375,1943951,0.0,0.0
2025-01-31 09:30:00-05:00,691.6900024414062,705.2999267578125,689.75,701.9500122070312,6272043,0.0,0.0
2025-01-31 10:30:00-05:00,701.9500122070312,703.7457275390625,698.7899780273438,699.9884033203125,2052286,0.0,0.0
2025-01-31 11:30:00-05:00,699.97998046875,702.7999877929688,698.2957763671875,699.4807739257812,1568575,0.0,0.0
2025-01-31 12:30:00-05:00,699.5050048828125,699.7650146484375,694.5,694.5999755859375,1393423,0.0,0.0
2025-01-31 13:30:00-05:00,694.5900268554688,698.3400268554688,692.219970703125,692.885009765625,1926968,0.0,0.0
2025-01-31 14:30:00-05:00,692.8775024414062,693.7000122070312,686.77001953125,686.9299926757812,2022318,0.0,0.0
2025-01-31 15:30:00-05:00,687.0399780273438,690.1599731445312,685.5800170898438,689.1699829101562,1853222,0.0,0.0
2025-02-03 09:30:00-05:00,675.9099731445312,697.5,675.25,691.905029296875,6794076,0.0,0.0
2025-02-03 10:30:00-05:00,691.9000244140625,699.5972290039062,690.4199829101562,697.1199951171875,4166936,0.0,0.0
2025-02-03 11:30:00-05:00,697.0800170898438,701.75,695.0499877929688,698.4000244140625,2039811,0.0,0.0
2025-02-03 12:30:00-05:00,698.260009765625,703.909912109375,697.0,701.8599853515625,1827746,0.0,0.0
2025-02-03 13:30:00-05:00,702.1699829101562,704.0,700.5499877929688,701.7550048828125,1509717,0.0,0.0
2025-02-03 14:30:00-05:00,701.7550048828125,702.8499755859375,698.52001953125,698.6500244140625,1416330,0.0,0.0
2025-02-03 15:30:00-05:00,698.8200073242188,699.5449829101562,696.0200805664062,697.1500244140625,1717798,0.0,0.0
2025-02-04 09:30:00-05:00,702.0,702.3599853515625,691.6500244140625,700.4500122070312,3986818,0.0,0.0
2025-02-04 10:30:00-05:00,700.7449951171875,706.8300170898438,698.7600708007812,704.8699951171875,2468618,0.0,0.0
2025-02-04 11:30:00-05:00,704.860107421875,706.2100219726562,701.8099975585938,703.6199951171875,1288412,0.0,0.0
2025-02-04 12:30:00-05:00,703.8200073242188,705.2100219726562,702.0700073242188,704.5549926757812,1059014,0.0,0.0
2025-02-04 13:30:00-05:00,704.5,707.7100219726562,704.5,706.6199951171875,1159741,0.0,0.0
2025-02-04 14:30:00-05:00,706.6300048828125,707.1799926757812,704.0900268554688,704.3739013671875,1048386,0.0,0.0
2025-02-04 15:30:00-05:00,704.280029296875,706.1599731445312,703.3599853515625,703.989990234375,1193873,0.0,0.0
2025-02-05 09:30:00-05:00,703.2000122070312,718.1400146484375,700.8800048828125,713.9600219726562,5074893,0.0,0.0
2025-02-05 10:30:00-05:00,713.5599975585938,713.6699829101562,699.010009765625,700.2000122070312,2794864,0.0,0.0
2025-02-05 11:30:00-05:00,700.3399047851562,706.4871215820312,700.0700073242188,704.25,2029727,0.0,0.0
2025-02-05 12:30:00-05:00,704.2899780273438,704.77001953125,702.0,703.989990234375,923810,0.0,0.0
2025-02-05 13:30:00-05:00,704.0,706.1199951171875,702.1500244140625,703.5599975585938,1117512,0.0,0.0
2025-02-05 14:30:00-05:00,703.4849853515625,705.2000122070312,702.72998046875,705.0650024414062,974350,0.0,0.0
2025-02-05 15:30:00-05:00,705.0700073242188,706.619873046875,703.5999755859375,704.97998046875,1837030,0.0,0.0
2025-02-06 09:30:00-05:00,705.8800048828125,717.9600219726562,703.5,716.1799926757812,4095777,0.0,0.0
2025-02-06 10:30:00-05:00,716.219970703125,718.9000244140625,713.6900024414062,717.3699951171875,1865632,0.0,0.0
2025-02-06 11:30:00-05:00,717.1871948242188,717.1950073242188,710.0,710.1135864257812,1309187,0.0,0.0
2025-02-06 12:30:00-05:00,710.14501953125,713.6099853515625,709.52001953125,712.2899780273438,1040076,0.0,0.0
2025-02-06 13:30:00-05:00,712.3300170898438,712.4000244140625,706.77001953125,707.010009765625,1035460,0.0,0.0
2025-02-06 14:30:00-05:00,706.9498901367188,709.5698852539062,704.3099975585938,708.6099853515625,1362490,0.0,0.0
2025-02-06 15:30:00-05:00,708.7379150390625,712.3499755859375,708.197021484375,711.7100219726562,1159384,0.0,0.0
2025-02-07 09:30:00-05:00,716.5474853515625,725.010009765625,713.5,715.697509765625,4829014,0.0,0.0
2025-02-07 10:30:00-05:00,715.7020263671875,719.2899780273438,711.75,714.3900146484375,2189415,0.0,0.0
2025-02-07 11:30:00-05:00,714.3900146484375,718.989990234375,713.4099731445312,718.4476928710938,1609013,0.0,0.0
2025-02-07 12:30:00-05:00,718.3200073242188,722.97998046875,718.010009765625,721.9000244140625,1648282,0.0,0.0
2025-02-07 13:30:00-05:00,721.7899780273438,721.989990234375,715.0,715.5549926757812,1226389,0.0,0.0
2025-02-07 14:30:00-05:00,715.6467895507812,717.0,713.77001953125,715.0800170898438,1415100,0.0,0.0
2025-02-07 15:30:00-05:00,715.0900268554688,717.4998779296875,713.8200073242188,714.260009765625,1735100,0.0,0.0
2025-02-10 09:30:00-05:00,718.5599975585938,721.2000122070312,711.3300170898438,713.5443725585938,3792604,0.0,0.0
2025-02-10 10:30:00-05:00,713.7650146484375,720.1900024414062,712.8400268554688,719.094970703125,1703348,0.0,0.0
2025-02-10 11:30:00-05:00,719.1199951171875,719.8800048828125,713.719970703125,714.52001953125,1416386,0.0,0.0
2025-02-10 12:30:00-05:00,714.4000244140625,716.7098999023438,713.6300048828125,715.1900024414062,1024192,0.0,0.0
2025-02-10 13:30:00-05:00,715.1300048828125,716.0,713.3499755859375,714.4600219726562,921183,0.0,0.0
2025-02-10 14:30:00-05:00,714.4500122070312,717.119873046875,713.94580078125,716.8300170898438,1086130,0.0,0.0
2025-02-10 15:30:00-05:00,716.6599731445312,717.5800170898438,715.22998046875,717.1500244140625,1114127,0.0,0.0
2025-02-11 09:30:00-05:00,713.3200073242188,717.58349609375,711.5031127929688,716.6900024414062,2549028,0.0,0.0
2025-02-11 10:30:00-05:00,716.8099975585938,718.469970703125,714.5700073242188,716.75,1422053,0.0,0.0
2025-02-11 11:30:00-05:00,716.9235229492188,717.3298950195312,710.0399780273438,716.6400146484375,1992451,0.0,0.0
2025-02-11 12:30:00-05:00,716.7296142578125,719.5700073242188,715.7700805664062,719.5700073242188,1187940,0.0,0.0
2025-02-11 13:30:00-05:00,719.6400146484375,722.4799194335938,719.5800170898438,720.2000122070312,1390424,0.0,0.0
2025-02-11 14:30:00-05:00,720.2000122070312,723.6599731445312,719.760009765625,722.1900024414062,1323191,0.0,0.0
2025-02-11 15:30:00-05:00,722.143798828125,723.0,718.7514038085938,719.8800048828125,1180545,0.0,0.0
2025-02-12 09:30:00-05:00,715.7000122070312,721.0650024414062,712.8499755859375,719.4400024414062,3614871,0.0,0.0
2025-02-12 10:30:00-05:00,719.1901245117188,722.6300048828125,718.0499877929688,718.0800170898438,1321147,0.0,0.0
2025-02-12 11:30:00-05:00,718.0900268554688,725.760009765625,718.0900268554688,724.5599975585938,1503389,0.0,0.0
2025-02-12 12:30:00-05:00,724.5999755859375,725.1500244140625,723.3015747070312,724.4401245117188,813784,0.0,0.0
2025-02-12 13:30:00-05:00,724.5695190429688,725.1599731445312,722.25,723.4993286132812,834297,0.0,0.0
2025-02-12 14:30:00-05:00,723.70361328125,727.0999755859375,722.8098754882812,726.1801147460938,1256075,0.0,0.0
2025-02-12 15:30:00-05:00,726.3599853515625,726.6599731445312,724.35009765625,725.0800170898438,1023388,0.0,0.0
2025-02-13 09:30:00-05:00,721.5197143554688,726.2999267578125,719.860107421875,723.8599853515625,3224782,0.0,0.0
2025-02-13 10:30:00-05:00,723.9600219726562,726.9500122070312,723.0900268554688,723.47998046875,1523588,0.0,0.0
2025-02-13 11:30:00-05:00,723.47998046875,724.8900146484375,719.6599731445312,720.47998046875,1183564,0.0,0.0
2025-02-13 12:30:00-05:00,720.4299926757812,722.010009765625,718.0399780273438,719.5399169921875,1013312,0.0,0.0
2025-02-13 13:30:00-05:00,719.3585815429688,724.2299194335938,718.2999877929688,723.9099731445312,1241282,0.0,0.0
2025-02-13 14:30:00-05:00,723.9600219726562,728.3699951171875,723.489990234375,727.66162109375,1535403,0.0,0.0
2025-02-13 15:30:00-05:00,727.6099853515625,728.969970703125,726.4600219726562,728.489990234375,1343497,0.0,0.0
2025-02-14 09:30:00-05:00,726.219970703125,732.9000244140625,725.6199951171875,729.81640625,4051650,0.0,0.0
2025-02-14 10:30:00-05:00,729.7999877929688,738.9099731445312,729.010009765625,737.0599975585938,3157728,0.0,0.0
2025-02-14 11:30:00-05:00,737.0399780273438,737.0599975585938,733.3200073242188,734.0750122070312,1588570,0.0,0.0
2025-02-14 12:30:00-05:00,734.1500244140625,736.989990234375,733.0827026367188,736.030029296875,1082989,0.0,0.0
2025-02-14 13:30:00-05:00,736.0299072265625,738.7899780273438,735.8099975585938,738.0910034179688,1188912,0.0,0.0
2025-02-14 14:30:00-05:00,738.02001953125,739.6300048828125,737.2999877929688,739.25,1667311,0.0,0.0
2025-02-14 15:30:00-05:00,739.260009765625,740.8900146484375,736.510009765625,736.5999755859375,2681996,0.0,0.0
2025-02-18 09:30:00-05:00,736.0,736.72998046875,715.0999755859375,716.0399780273438,6461592,0.0,0.0
2025-02-18 10:30:00-05:00,716.10498046875,721.2000122070312,715.9129028320312,719.0700073242188,2440686,0.0,0.0
2025-02-18 11:30:00-05:00,719.10498046875,719.5499877929688,715.52001953125,716.47998046875,1329007,0.0,0.0
2025-02-18 12:30:00-05:00,716.4849853515625,717.25,709.5885009765625,709.969970703125,1942243,0.0,0.0
2025-02-18 13:30:00-05:00,710.0809936523438,711.97998046875,707.010009765625,708.5001220703125,2348507,0.0,0.0
2025-02-18 14:30:00-05:00,708.5800170898438,709.7998046875,706.4400024414062,708.0,1819091,0.0,0.0
2025-02-18 15:30:00-05:00,708.010009765625,716.530029296875,707.280029296875,716.280029296875,2887203,0.0,0.0
2025-02-19 09:30:00-05:00,704.094970703125,707.0,695.4044189453125,697.8300170898438,6628415,0.0,0.0
2025-02-19 10:30:00-05:00,697.7750244140625,703.0399780273438,696.8499755859375,702.219970703125,2605507,0.0,0.0
2025-02-19 11:30:00-05:00,702.0599975585938,706.6300048828125,700.9099731445312,704.7100219726562,1869853,0.0,0.0
2025-02-19 12:30:00-05:00,704.7813720703125,705.2000122070312,701.2999877929688,702.489990234375,1141366,0.0,0.0
2025-02-19 13:30:00-05:00,702.5,704.1224975585938,702.0051879882812,703.27001953125,1072908,0.0,0.0
2025-02-19 14:30:00-05:00,703.27001953125,706.0250244140625,701.0900268554688,701.2000122070312,1578808,0.0,0.0
2025-02-19 15:30:00-05:00,701.2000122070312,704.4000244140625,701.2000122070312,703.75,1147440,0.0,0.0
2025-02-20 09:30:00-05:00,697.2750244140625,705.6300048828125,694.2100219726562,700.7127075195312,4052068,0.0,0.0
2025-02-20 10:30:00-05:00,700.97998046875,702.0,695.9093017578125,698.0900268554688,1405653,0.0,0.0
2025-02-20 11:30:00-05:00,698.0,698.1599731445312,695.8900146484375,697.1500244140625,936478,0.0,0.0
2025-02-20 12:30:00-05:00,697.1500244140625,697.8699951171875,693.6400146484375,694.885009765625,1016848,0.0,0.0
2025-02-20 13:30:00-05:00,694.7999877929688,697.0900268554688,694.7064819335938,695.9749755859375,849401,0.0,0.0
2025-02-20 14:30:00-05:00,695.9299926757812,697.5900268554688,694.5548095703125,696.3165283203125,1122135,0.0,0.0
2025-02-20 15:30:00-05:00,696.260009765625,697.8699951171875,694.5999755859375,694.8499755859375,1277164,0.0,0.0
2025-02-21 09:30:00-05:00,696.5800170898438,703.8699951171875,696.0,697.239990234375,3794969,0.0,0.0
2025-02-21 10:30:00-05:00,697.010009765625,697.8300170898438,691.8400268554688,693.4149780273438,1966325,0.0,0.0
2025-02-21 11:30:00-05:00,693.27001953125,694.6898803710938,688.0999755859375,689.405029296875,1240257,0.0,0.0
2025-02-21 12:30:00-05:00,689.469970703125,690.2150268554688,685.2017211914062,686.7100219726562,1479499,0.0,0.0
2025-02-21 13:30:00-05:00,686.739990234375,689.3599243164062,684.5999755859375,685.461181640625,1107823,0.0,0.0
2025-02-21 14:30:00-05:00,685.375,687.4400024414062,682.61328125,684.0,1763837,0.0,0.0
2025-02-21 15:30:00-05:00,684.0,685.5,682.3599853515625,683.6400146484375,2037325,0.0,0.0
2025-02-24 09:30:00-05:00,686.280029296875,687.27001953125,664.4400024414062,666.1561889648438,4806601,0.0,0.0
2025-02-24 10:30:00-05:00,667.0,670.5,662.4500122070312,669.4749755859375,2663150,0.0,0.0
2025-02-24 11:30:00-05:00,669.6300048828125,673.75,668.2200927734375,673.056884765625,1502589,0.0,0.0
2025-02-24 12:30:00-05:00,673.0650024414062,674.5164184570312,671.510009765625,673.7999877929688,1084723,0.0,0.0
2025-02-24 13:30:00-05:00,673.7449951171875,673.8300170898438,669.4199829101562,669.489990234375,1202658,0.0,0.0
2025-02-24 14:30:00-05:00,669.47998046875,671.9099731445312,669.36328125,669.5650024414062,1064347,0.0,0.0
2025-02-24 15:30:00-05:00,669.5999755859375,670.7100219726562,666.239990234375,667.7899780273438,1431362,0.0,0.0
2025-02-25 09:30:00-05:00,665.9719848632812,668.0,648.0999755859375,648.780029296875,5321344,0.0,0.0
2025-02-25 10:30:00-05:00,648.8699951171875,655.489990234375,643.7999877929688,644.6099853515625,3595343,0.0,0.0
2025-02-25 11:30:00-05:00,644.5900268554688,656.5,641.8699951171875,656.3499145507812,3328572,0.0,0.0
2025-02-25 12:30:00-05:00,656.14501953125,661.2498779296875,654.97998046875,655.5139770507812,2229137,0.0,0.0
2025-02-25 13:30:00-05:00,655.7100219726562,661.489990234375,655.0,657.2650146484375,1340046,0.0,0.0
2025-02-25 14:30:00-05:00,657.1199951171875,662.0700073242188,657.0,660.0349731445312,1492856,0.0,0.0
2025-02-25 15:30:00-05:00,660.1500244140625,660.3800048828125,656.206298828125,657.52001953125,1341688,0.0,0.0
2025-02-26 09:30:00-05:00,659.6500244140625,679.7000122070312,658.2183837890625,675.2921142578125,5187917,0.0,0.0
2025-02-26 10:30:00-05:00,675.2899780273438,680.6400146484375,675.2449951171875,677.6099853515625,1752223,0.0,0.0
2025-02-26 11:30:00-05:00,677.5700073242188,683.0078125,677.489990234375,679.1300048828125,1594821,0.0,0.0
2025-02-26 12:30:00-05:00,678.8800048828125,679.1300048828125,673.404296875,673.6300048828125,1225103,0.0,0.0
2025-02-26 13:30:00-05:00,673.4000244140625,675.1497802734375,669.0,672.3499755859375,1346260,0.0,0.0
2025-02-26 14:30:00-05:00,672.2000122070312,674.3800048828125,670.219970703125,673.3400268554688,932039,0.0,0.0
2025-02-26 15:30:00-05:00,673.0999755859375,674.7000122070312,671.5,673.9199829101562,1052109,0.0,0.0
2025-02-27 09:30:00-05:00,684.2899780273438,688.6469116210938,660.9149780273438,671.6400146484375,4377710,0.0,0.0
2025-02-27 10:30:00-05:00,671.5,676.2000122070312,668.598876953125,672.4569702148438,1426018,0.0,0.0
2025-02-27 11:30:00-05:00,672.239990234375,673.3200073242188,668.5499877929688,672.419921875,774301,0.0,0.0
2025-02-27 12:30:00-05:00,672.2750244140625,673.5,668.6599731445312,671.780029296875,711124,0.0,0.0
2025-02-27 13:30:00-05:00,671.8599853515625,673.6699829101562,665.5800170898438,665.6326904296875,642454,0.0,0.0
2025-02-27 14:30:00-05:00,665.7449951171875,665.7449951171875,660.5,660.75,1428497,0.0,0.0
2025-02-27 15:30:00-05:00,660.75,662.5,657.5700073242188,658.1799926757812,1489855,0.0,0.0
2025-02-28 09:30:00-05:00,658.3499755859375,661.9298706054688,642.6016845703125,661.5396118164062,4241155,0.0,0.0
2025-02-28 10:30:00-05:00,661.7608032226562,666.3499755859375,658.8800048828125,659.0349731445312,1933934,0.0,0.0
2025-02-28 11:30:00-05:00,658.7100219726562,662.79052734375,658.0499877929688,660.5,975006,0.0,0.0
2025-02-28 12:30:00-05:00,660.719970703125,661.9641723632812,654.0449829101562,658.4456176757812,1835988,0.0,0.0
2025-02-28 13:30:00-05:00,658.3300170898438,659.9000244140625,655.0399780273438,657.4884033203125,839026,0.0,0.0
2025-02-28 14:30:00-05:00,657.739990234375,663.5800170898438,657.0449829101562,662.9099731445312,1252489,0.0,0.0
2025-02-28 15:30:00-05:00,662.905029296875,669.6300048828125,659.760009765625,668.530029296875,2109862,0.0,0.0
