Datetime,Open,High,Low,Close,Volume,Dividends,Stock Splits
2025-01-23 09:30:00-05:00,163.8800048828125,164.36000061035156,163.32000732421875,163.35000610351562,1125023,0.0,0.0
2025-01-23 10:30:00-05:00,163.33999633789062,165.35000610351562,163.3300018310547,165.11500549316406,815894,0.0,0.0
2025-01-23 11:30:00-05:00,165.11500549316406,165.45249938964844,164.72000122070312,165.37240600585938,588091,0.0,0.0
2025-01-23 12:30:00-05:00,165.3800048828125,165.8000030517578,165.36000061035156,165.72000122070312,497814,0.0,0.0
2025-01-23 13:30:00-05:00,165.74000549316406,166.11000061035156,165.625,165.9149932861328,522312,0.0,0.0
2025-01-23 14:30:00-05:00,165.9149932861328,166.16000366210938,165.70050048828125,166.08999633789062,662784,0.0,0.0
2025-01-23 15:30:00-05:00,166.10000610351562,166.47999572753906,166.0399932861328,166.1699981689453,1045013,0.0,0.0
2025-01-24 09:30:00-05:00,165.91000366210938,165.91000366210938,163.1999969482422,163.7899932861328,1217233,1.007,0.0
2025-01-24 10:30:00-05:00,163.80250549316406,164.27000427246094,163.52999877929688,164.07110595703125,773761,0.0,0.0
2025-01-24 11:30:00-05:00,164.06509399414062,164.5,163.8300018310547,164.25,572738,0.0,0.0
2025-01-24 12:30:00-05:00,164.25,164.52999877929688,163.97500610351562,164.0,407757,0.0,0.0
2025-01-24 13:30:00-05:00,164.00999450683594,164.77000427246094,163.94000244140625,164.6699981689453,410391,0.0,0.0
2025-01-24 14:30:00-05:00,164.72000122070312,164.85000610351562,164.27000427246094,164.3300018310547,527983,0.0,0.0
2025-01-24 15:30:00-05:00,164.35000610351562,164.50999450683594,163.97000122070312,164.11000061035156,1054175,0.0,0.0
2025-01-27 09:30:00-05:00,166.72000122070312,168.3699951171875,166.11000061035156,166.91000366210938,1964679,0.0,0.0
2025-01-27 10:30:00-05:00,166.9199981689453,167.57000732421875,166.85000610351562,167.52000427246094,831173,0.0,0.0
2025-01-27 11:30:00-05:00,167.52999877929688,167.7899932861328,167.0,167.64999389648438,679079,0.0,0.0
2025-01-27 12:30:00-05:00,167.64999389648438,168.8000030517578,167.47999572753906,168.8000030517578,683020,0.0,0.0
2025-01-27 13:30:00-05:00,168.8350067138672,169.6999969482422,168.82000732421875,169.6300048828125,696040,0.0,0.0
2025-01-27 14:30:00-05:00,169.6300048828125,169.94000244140625,169.360107421875,169.69000244140625,805527,0.0,0.0
2025-01-27 15:30:00-05:00,169.69000244140625,169.72000122070312,168.9600067138672,169.67999267578125,1031288,0.0,0.0
2025-01-28 09:30:00-05:00,168.91000366210938,169.58999633789062,168.16909790039062,168.2100067138672,875444,0.0,0.0
2025-01-28 10:30:00-05:00,168.22999572753906,169.10000610351562,168.19000244140625,168.47999572753906,465926,0.0,0.0
2025-01-28 11:30:00-05:00,168.4600067138672,168.6699981689453,167.4199981689453,167.69000244140625,468323,0.0,0.0
2025-01-28 12:30:00-05:00,167.7100067138672,167.80999755859375,167.02000427246094,167.07000732421875,415230,0.0,0.0
2025-01-28 13:30:00-05:00,167.10000610351562,167.2899932861328,166.41000366210938,166.55599975585938,520976,0.0,0.0
2025-01-28 14:30:00-05:00,166.57000732421875,166.8800048828125,166.15499877929688,166.52999877929688,536579,0.0,0.0
2025-01-28 15:30:00-05:00,166.52000427246094,166.91000366210938,166.11000061035156,166.1999969482422,863456,0.0,0.0
2025-01-29 09:30:00-05:00,166.72000122070312,167.2899932861328,166.02000427246094,166.55499267578125,1110329,0.0,0.0
2025-01-29 10:30:00-05:00,166.55999755859375,166.66000366210938,166.00999450683594,166.11500549316406,414711,0.0,0.0
2025-01-29 11:30:00-05:00,166.14300537109375,166.4949951171875,165.8804931640625,166.33999633789062,409798,0.0,0.0
2025-01-29 12:30:00-05:00,166.32000732421875,166.8300018310547,166.14999389648438,166.77000427246094,331819,0.0,0.0
2025-01-29 13:30:00-05:00,166.77000427246094,167.02999877929688,166.47000122070312,166.75999450683594,440782,0.0,0.0
2025-01-29 14:30:00-05:00,166.77000427246094,167.08999633789062,166.6300048828125,166.75999450683594,577269,0.0,0.0
2025-01-29 15:30:00-05:00,166.75,166.7899932861328,166.16000366210938,166.24000549316406,648718,0.0,0.0
2025-01-30 09:30:00-05:00,167.47999572753906,167.60000610351562,165.92999267578125,166.47000122070312,720437,0.0,0.0
2025-01-30 10:30:00-05:00,166.49000549316406,166.8000030517578,166.24000549316406,166.36959838867188,433736,0.0,0.0
2025-01-30 11:30:00-05:00,166.4499969482422,167.0399932861328,166.32000732421875,166.97000122070312,269225,0.0,0.0
2025-01-30 12:30:00-05:00,167.0,167.5500030517578,166.9499969482422,167.22999572753906,251867,0.0,0.0
2025-01-30 13:30:00-05:00,167.25999450683594,167.5399932861328,167.13999938964844,167.1699981689453,251141,0.0,0.0
2025-01-30 14:30:00-05:00,167.14999389648438,167.20370483398438,166.74000549316406,166.7429962158203,264257,0.0,0.0
2025-01-30 15:30:00-05:00,166.75,167.55999755859375,166.06500244140625,167.38999938964844,728087,0.0,0.0
2025-01-31 09:30:00-05:00,166.0,166.52000427246094,165.2100067138672,166.3300018310547,763991,0.0,0.0
2025-01-31 10:30:00-05:00,166.3300018310547,166.6199951171875,166.02000427246094,166.07000732421875,489093,0.0,0.0
2025-01-31 11:30:00-05:00,166.08999633789062,166.4199981689453,165.88999938964844,166.15499877929688,400727,0.0,0.0
2025-01-31 12:30:00-05:00,166.14999389648438,166.3300018310547,165.89999389648438,166.1300048828125,245927,0.0,0.0
2025-01-31 13:30:00-05:00,166.1300048828125,166.14999389648438,165.63999938964844,165.86000061035156,389836,0.0,0.0
2025-01-31 14:30:00-05:00,165.86000061035156,166.30999755859375,165.8300018310547,166.05999755859375,413481,0.0,0.0
2025-01-31 15:30:00-05:00,166.07000732421875,166.2100067138672,165.8209991455078,165.97999572753906,727904,0.0,0.0
2025-02-03 09:30:00-05:00,165.47000122070312,169.36000061035156,165.22999572753906,169.3251953125,1949039,0.0,0.0
2025-02-03 10:30:00-05:00,169.3300018310547,169.3800048828125,167.74000549316406,167.94000244140625,1033077,0.0,0.0
2025-02-03 11:30:00-05:00,167.99000549316406,168.3300018310547,167.72500610351562,168.10000610351562,654908,0.0,0.0
2025-02-03 12:30:00-05:00,168.0850067138672,168.10000610351562,167.5500030517578,168.00680541992188,587892,0.0,0.0
2025-02-03 13:30:00-05:00,168.02999877929688,168.69000244140625,167.99000549316406,168.61000061035156,600649,0.0,0.0
2025-02-03 14:30:00-05:00,168.61000061035156,168.8699951171875,168.19000244140625,168.26499938964844,845880,0.0,0.0
2025-02-03 15:30:00-05:00,168.3000030517578,169.19000244140625,168.22000122070312,168.76499938964844,1214570,0.0,0.0
2025-02-04 09:30:00-05:00,169.2899932861328,169.2899932861328,166.27999877929688,166.46499633789062,951109,0.0,0.0
2025-02-04 10:30:00-05:00,166.47500610351562,167.33999633789062,166.47500610351562,167.27000427246094,702808,0.0,0.0
2025-02-04 11:30:00-05:00,167.3000030517578,167.77999877929688,167.11000061035156,167.6999969482422,423805,0.0,0.0
2025-02-04 12:30:00-05:00,167.72000122070312,168.45599365234375,167.52000427246094,168.21499633789062,452510,0.0,0.0
2025-02-04 13:30:00-05:00,168.21499633789062,168.80999755859375,167.89999389648438,168.8000030517578,547478,0.0,0.0
2025-02-04 14:30:00-05:00,168.8000030517578,168.85000610351562,168.10499572753906,168.2100067138672,652300,0.0,0.0
2025-02-04 15:30:00-05:00,168.1699981689453,168.25999450683594,167.77999877929688,168.1199951171875,664599,0.0,0.0
2025-02-05 09:30:00-05:00,168.08999633789062,168.14999389648438,166.61000061035156,167.55999755859375,1498069,0.0,0.0
2025-02-05 10:30:00-05:00,167.58999633789062,167.88999938964844,167.40460205078125,167.8300018310547,428493,0.0,0.0
2025-02-05 11:30:00-05:00,167.83999633789062,168.10499572753906,167.7050018310547,168.0449981689453,384384,0.0,0.0
2025-02-05 12:30:00-05:00,168.07000732421875,168.5850067138672,168.05999755859375,168.5050048828125,357338,0.0,0.0
2025-02-05 13:30:00-05:00,168.50999450683594,168.66000366210938,168.41000366210938,168.49000549316406,347003,0.0,0.0
2025-02-05 14:30:00-05:00,168.5050048828125,169.00999450683594,168.41000366210938,168.75,507418,0.0,0.0
2025-02-05 15:30:00-05:00,168.72999572753906,169.13999938964844,168.69000244140625,169.0,738666,0.0,0.0
2025-02-06 09:30:00-05:00,169.3699951171875,169.92999267578125,168.4199981689453,168.7100067138672,754697,0.0,0.0
2025-02-06 10:30:00-05:00,168.7100067138672,168.77999877929688,168.02999877929688,168.5449981689453,523367,0.0,0.0
2025-02-06 11:30:00-05:00,168.5449981689453,168.5449981689453,168.1199951171875,168.24000549316406,692079,0.0,0.0
2025-02-06 12:30:00-05:00,168.23500061035156,168.67999267578125,168.1204071044922,168.55999755859375,285197,0.0,0.0
2025-02-06 13:30:00-05:00,168.57000732421875,169.05499267578125,168.44009399414062,168.85000610351562,331173,0.0,0.0
2025-02-06 14:30:00-05:00,168.83999633789062,168.92999267578125,168.42999267578125,168.42999267578125,453442,0.0,0.0
2025-02-06 15:30:00-05:00,168.42999267578125,169.0399932861328,168.30999755859375,168.88999938964844,740805,0.0,0.0
2025-02-07 09:30:00-05:00,169.08999633789062,169.1199951171875,167.9199981689453,168.3300018310547,723946,0.0,0.0
2025-02-07 10:30:00-05:00,168.3000030517578,168.67999267578125,168.0,168.2949981689453,468736,0.0,0.0
2025-02-07 11:30:00-05:00,168.30999755859375,168.75999450683594,168.25999450683594,168.60499572753906,450375,0.0,0.0
2025-02-07 12:30:00-05:00,168.59500122070312,168.6699981689453,168.27000427246094,168.30499267578125,308003,0.0,0.0
2025-02-07 13:30:00-05:00,168.3000030517578,168.4499969482422,167.9600067138672,168.0800018310547,376993,0.0,0.0
2025-02-07 14:30:00-05:00,168.08999633789062,168.33999633789062,167.8699951171875,167.9199981689453,431227,0.0,0.0
2025-02-07 15:30:00-05:00,167.9199981689453,168.32000732421875,167.8699951171875,168.0,741012,0.0,0.0
2025-02-10 09:30:00-05:00,167.69000244140625,168.33999633789062,166.39999389648438,168.32000732421875,1571696,0.0,0.0
2025-02-10 10:30:00-05:00,168.30999755859375,168.47999572753906,167.72999572753906,168.1699981689453,589838,0.0,0.0
2025-02-10 11:30:00-05:00,168.13999938964844,168.13999938964844,167.8249969482422,167.92999267578125,338637,0.0,0.0
2025-02-10 12:30:00-05:00,167.93499755859375,168.07000732421875,167.49000549316406,167.77000427246094,392767,0.0,0.0
2025-02-10 13:30:00-05:00,167.78500366210938,167.8300018310547,167.30999755859375,167.66000366210938,375702,0.0,0.0
2025-02-10 14:30:00-05:00,167.69000244140625,167.75999450683594,167.1999969482422,167.22999572753906,546365,0.0,0.0
2025-02-10 15:30:00-05:00,167.22000122070312,167.66000366210938,167.10000610351562,167.52999877929688,819680,0.0,0.0
2025-02-11 09:30:00-05:00,167.69000244140625,167.77999877929688,166.5,166.72999572753906,827642,0.0,0.0
2025-02-11 10:30:00-05:00,166.6999969482422,167.42999267578125,166.52000427246094,167.39999389648438,603591,0.0,0.0
2025-02-11 11:30:00-05:00,167.39999389648438,168.05999755859375,167.3699951171875,167.85000610351562,468454,0.0,0.0
2025-02-11 12:30:00-05:00,167.85000610351562,168.3300018310547,167.8249969482422,168.25999450683594,318097,0.0,0.0
2025-02-11 13:30:00-05:00,168.27999877929688,168.77960205078125,168.22000122070312,168.75999450683594,406803,0.0,0.0
2025-02-11 14:30:00-05:00,168.76499938964844,168.97999572753906,168.55999755859375,168.75999450683594,585643,0.0,0.0
2025-02-11 15:30:00-05:00,168.77000427246094,169.57000732421875,168.77000427246094,169.4600067138672,959642,0.0,0.0
2025-02-12 09:30:00-05:00,168.35000610351562,169.5399932861328,167.97000122070312,169.3300018310547,993149,0.0,0.0
2025-02-12 10:30:00-05:00,169.33090209960938,169.99000549316406,169.33090209960938,169.58999633789062,692429,0.0,0.0
2025-02-12 11:30:00-05:00,169.59500122070312,170.0800018310547,169.37010192871094,169.9199981689453,742066,0.0,0.0
2025-02-12 12:30:00-05:00,169.9199981689453,169.97000122070312,169.6699981689453,169.69320678710938,360349,0.0,0.0
2025-02-12 13:30:00-05:00,169.69200134277344,169.7899932861328,169.5,169.73500061035156,284714,0.0,0.0
2025-02-12 14:30:00-05:00,169.75999450683594,169.94000244140625,169.52499389648438,169.5800018310547,416241,0.0,0.0
2025-02-12 15:30:00-05:00,169.5800018310547,169.7100067138672,169.40499877929688,169.5800018310547,654261,0.0,0.0
2025-02-13 09:30:00-05:00,169.6300048828125,170.3699951171875,169.13999938964844,170.33999633789062,1208707,0.0,0.0
2025-02-13 10:30:00-05:00,170.3300018310547,170.97999572753906,170.125,170.75,841961,0.0,0.0
2025-02-13 11:30:00-05:00,170.72000122070312,170.74000549316406,170.27000427246094,170.44000244140625,398333,0.0,0.0
2025-02-13 12:30:00-05:00,170.46499633789062,170.80990600585938,170.13009643554688,170.27000427246094,352329,0.0,0.0
2025-02-13 13:30:00-05:00,170.27000427246094,170.75999450683594,169.86000061035156,170.63499450683594,472614,0.0,0.0
2025-02-13 14:30:00-05:00,170.6300048828125,171.07960510253906,170.58999633789062,171.0,636072,0.0,0.0
2025-02-13 15:30:00-05:00,171.0,171.3800048828125,170.77999877929688,171.02000427246094,947246,0.0,0.0
2025-02-14 09:30:00-05:00,169.7899932861328,170.0,163.14999389648438,164.75,3737918,0.0,0.0
2025-02-14 10:30:00-05:00,164.77000427246094,165.91000366210938,164.3800048828125,165.8159942626953,1629065,0.0,0.0
2025-02-14 11:30:00-05:00,165.8249969482422,165.8699951171875,165.08999633789062,165.27000427246094,886424,0.0,0.0
2025-02-14 12:30:00-05:00,165.27000427246094,165.29249572753906,164.30999755859375,165.0,812395,0.0,0.0
2025-02-14 13:30:00-05:00,164.9949951171875,165.24000549316406,164.2100067138672,164.21499633789062,767724,0.0,0.0
2025-02-14 14:30:00-05:00,164.21499633789062,164.22999572753906,163.25,163.28500366210938,1066635,0.0,0.0
2025-02-14 15:30:00-05:00,163.2899932861328,163.33900451660156,162.3000030517578,162.8800048828125,1808382,0.0,0.0
2025-02-18 09:30:00-05:00,163.0399932861328,164.39999389648438,162.1999969482422,164.3144989013672,1505306,0.0,0.0
2025-02-18 10:30:00-05:00,164.35000610351562,165.16000366210938,164.3074951171875,164.77999877929688,733670,0.0,0.0
2025-02-18 11:30:00-05:00,164.80999755859375,165.02000427246094,164.44000244140625,164.9600067138672,558292,0.0,0.0
2025-02-18 12:30:00-05:00,164.9499969482422,165.6750030517578,164.9199981689453,165.6699981689453,649085,0.0,0.0
2025-02-18 13:30:00-05:00,165.6667938232422,165.75999450683594,165.14999389648438,165.32000732421875,712363,0.0,0.0
2025-02-18 14:30:00-05:00,165.3249969482422,165.5500030517578,164.87930297851562,165.32000732421875,588328,0.0,0.0
2025-02-18 15:30:00-05:00,165.2899932861328,165.50999450683594,165.02999877929688,165.42999267578125,843847,0.0,0.0
2025-02-19 09:30:00-05:00,166.10000610351562,166.3300018310547,165.24000549316406,166.14999389648438,946690,0.0,0.0
2025-02-19 10:30:00-05:00,166.1300048828125,166.4199981689453,166.02999877929688,166.1699981689453,650424,0.0,0.0
2025-02-19 11:30:00-05:00,166.1699981689453,166.1999969482422,165.6699981689453,165.77000427246094,423580,0.0,0.0
2025-02-19 12:30:00-05:00,165.75010681152344,165.97999572753906,165.5,165.8800048828125,422391,0.0,0.0
2025-02-19 13:30:00-05:00,165.9199981689453,166.38999938964844,165.82000732421875,166.35000610351562,326841,0.0,0.0
2025-02-19 14:30:00-05:00,166.3350067138672,166.7899932861328,166.1999969482422,166.77999877929688,894368,0.0,0.0
2025-02-19 15:30:00-05:00,166.77999877929688,166.8699951171875,166.3300018310547,166.49000549316406,1059544,0.0,0.0
2025-02-20 09:30:00-05:00,163.14999389648438,166.22000122070312,162.8000030517578,166.19000244140625,1514173,0.0,0.0
2025-02-20 10:30:00-05:00,166.17999267578125,167.77999877929688,166.08920288085938,167.49000549316406,801095,0.0,0.0
2025-02-20 11:30:00-05:00,167.4600067138672,167.55999755859375,166.4199981689453,166.6649932861328,514781,0.0,0.0
2025-02-20 12:30:00-05:00,166.64999389648438,166.7899932861328,166.3699951171875,166.5,322379,0.0,0.0
2025-02-20 13:30:00-05:00,166.50999450683594,166.7899932861328,166.4199981689453,166.69000244140625,438521,0.0,0.0
2025-02-20 14:30:00-05:00,166.69500732421875,166.97000122070312,166.4250030517578,166.92999267578125,415283,0.0,0.0
2025-02-20 15:30:00-05:00,166.92999267578125,167.3000030517578,166.69000244140625,167.24000549316406,643853,0.0,0.0
2025-02-21 09:30:00-05:00,167.44000244140625,168.07000732421875,165.9199981689453,166.5749969482422,2015077,0.0,0.0
2025-02-21 10:30:00-05:00,166.57000732421875,167.52000427246094,166.49000549316406,167.3300018310547,560382,0.0,0.0
2025-02-21 11:30:00-05:00,167.3000030517578,167.9604034423828,167.27999877929688,167.8300018310547,361273,0.0,0.0
2025-02-21 12:30:00-05:00,167.81500244140625,169.16000366210938,167.69000244140625,168.9600067138672,473111,0.0,0.0
2025-02-21 13:30:00-05:00,168.97500610351562,170.42999267578125,168.77999877929688,170.25999450683594,1020998,0.0,0.0
2025-02-21 14:30:00-05:00,170.2550048828125,170.54910278320312,169.97999572753906,170.2550048828125,765393,0.0,0.0
2025-02-21 15:30:00-05:00,170.2550048828125,170.4199981689453,169.7899932861328,170.24000549316406,1105144,0.0,0.0
2025-02-24 09:30:00-05:00,170.22000122070312,172.97999572753906,169.7899932861328,172.46499633789062,2014054,0.0,0.0
2025-02-24 10:30:00-05:00,172.42999267578125,172.68499755859375,171.5399932861328,171.7100067138672,901206,0.0,0.0
2025-02-24 11:30:00-05:00,171.69000244140625,171.89999389648438,170.8699951171875,170.91000366210938,520308,0.0,0.0
2025-02-24 12:30:00-05:00,170.91000366210938,171.14999389648438,170.5,170.67999267578125,503474,0.0,0.0
2025-02-24 13:30:00-05:00,170.66000366210938,170.77499389648438,170.3000030517578,170.42999267578125,555429,0.0,0.0
2025-02-24 14:30:00-05:00,170.44000244140625,170.7100067138672,170.2899932861328,170.5800018310547,697753,0.0,0.0
2025-02-24 15:30:00-05:00,170.60000610351562,170.75999450683594,170.3000030517578,170.5800018310547,1050059,0.0,0.0
2025-02-25 09:30:00-05:00,171.27999877929688,172.99000549316406,170.8000030517578,172.89999389648438,1346146,0.0,0.0
2025-02-25 10:30:00-05:00,172.86000061035156,173.9499969482422,172.60000610351562,173.85000610351562,957946,0.0,0.0
2025-02-25 11:30:00-05:00,173.83799743652344,173.8800048828125,173.17999267578125,173.44000244140625,621290,0.0,0.0
2025-02-25 12:30:00-05:00,173.4600067138672,173.52000427246094,172.39999389648438,172.6300048828125,485476,0.0,0.0
2025-02-25 13:30:00-05:00,172.6300048828125,173.08999633789062,172.375,172.38999938964844,463896,0.0,0.0
2025-02-25 14:30:00-05:00,172.38999938964844,172.77000427246094,172.0,172.0500030517578,581677,0.0,0.0
2025-02-25 15:30:00-05:00,172.03500366210938,172.89999389648438,171.75999450683594,172.66000366210938,1041922,0.0,0.0
2025-02-26 09:30:00-05:00,172.27999877929688,172.64999389648438,171.22999572753906,171.8699951171875,1254522,0.0,0.0
2025-02-26 10:30:00-05:00,171.8699951171875,172.02999877929688,171.08999633789062,171.4199981689453,472437,0.0,0.0
2025-02-26 11:30:00-05:00,171.44000244140625,171.58999633789062,170.85499572753906,171.0,394209,0.0,0.0
2025-02-26 12:30:00-05:00,171.0294952392578,171.39999389648438,170.64999389648438,171.22999572753906,438611,0.0,0.0
2025-02-26 13:30:00-05:00,171.24000549316406,171.83999633789062,170.8699951171875,171.82000732421875,444229,0.0,0.0
2025-02-26 14:30:00-05:00,171.8300018310547,172.0,171.42999267578125,171.42999267578125,639666,0.0,0.0
2025-02-26 15:30:00-05:00,171.4499969482422,172.10000610351562,171.25,171.3300018310547,870291,0.0,0.0
2025-02-27 09:30:00-05:00,170.85000610351562,172.6300048828125,170.6300048828125,172.32000732421875,972271,0.0,0.0
2025-02-27 10:30:00-05:00,172.31500244140625,173.08999633789062,172.0449981689453,172.25,721623,0.0,0.0
2025-02-27 11:30:00-05:00,172.24000549316406,172.35000610351562,171.39010620117188,172.10000610351562,366806,0.0,0.0
2025-02-27 12:30:00-05:00,172.0850067138672,172.5,171.91000366210938,172.25999450683594,359357,0.0,0.0
2025-02-27 13:30:00-05:00,172.27999877929688,172.74000549316406,172.22000122070312,172.36000061035156,400646,0.0,0.0
2025-02-27 14:30:00-05:00,172.36000061035156,172.8000030517578,172.1649932861328,172.30999755859375,632135,0.0,0.0
2025-02-27 15:30:00-05:00,172.32000732421875,172.55999755859375,171.8000030517578,172.02000427246094,850160,0.0,0.0
2025-02-28 09:30:00-05:00,173.5800018310547,174.64999389648438,172.49000549316406,172.51499938964844,1100441,0.0,0.0
2025-02-28 10:30:00-05:00,172.55999755859375,173.1999969482422,172.42999267578125,172.4949951171875,426288,0.0,0.0
2025-02-28 11:30:00-05:00,172.5500030517578,172.8988037109375,172.17010498046875,172.2100067138672,341884,0.0,0.0
2025-02-28 12:30:00-05:00,172.25999450683594,172.39999389648438,171.88999938964844,172.14999389648438,361067,0.0,0.0
2025-02-28 13:30:00-05:00,172.1699981689453,172.8800048828125,171.85000610351562,172.72999572753906,510957,0.0,0.0
2025-02-28 14:30:00-05:00,172.67999267578125,173.30999755859375,172.6300048828125,173.3000030517578,626309,0.0,0.0
2025-02-28 15:30:00-05:00,173.32000732421875,174.19000244140625,173.13999938964844,173.86000061035156,1271817,0.0,0.0
