Datetime,Open,High,Low,Close,Volume,Dividends,Stock Splits
2025-01-23 09:30:00-05:00,11.600000381469727,12.09000015258789,11.529999732971191,11.539999961853027,5078840,0.0,0.0
2025-01-23 10:30:00-05:00,11.549099922180176,11.8100004196167,11.479999542236328,11.6850004196167,2321990,0.0,0.0
2025-01-23 11:30:00-05:00,11.6850004196167,11.6899995803833,11.550000190734863,11.675000190734863,1385882,0.0,0.0
2025-01-23 12:30:00-05:00,11.675000190734863,11.710000038146973,11.574999809265137,11.59000015258789,1153657,0.0,0.0
2025-01-23 13:30:00-05:00,11.59000015258789,11.675000190734863,11.5600004196167,11.654999732971191,1762731,0.0,0.0
2025-01-23 14:30:00-05:00,11.654999732971191,11.720000267028809,11.625,11.675000190734863,1454652,0.0,0.0
2025-01-23 15:30:00-05:00,11.680000305175781,11.75,11.645000457763672,11.739999771118164,2584847,0.0,0.0
2025-01-24 09:30:00-05:00,11.649999618530273,11.819999694824219,11.555000305175781,11.6899995803833,2071256,0.0,0.0
2025-01-24 10:30:00-05:00,11.6850004196167,11.755000114440918,11.595000267028809,11.654999732971191,1323869,0.0,0.0
2025-01-24 11:30:00-05:00,11.654999732971191,11.739999771118164,11.610099792480469,11.704999923706055,1133083,0.0,0.0
2025-01-24 12:30:00-05:00,11.704999923706055,11.779999732971191,11.65999984741211,11.765000343322754,1124968,0.0,0.0
2025-01-24 13:30:00-05:00,11.765000343322754,11.8100004196167,11.75100040435791,11.779999732971191,1074986,0.0,0.0
2025-01-24 14:30:00-05:00,11.778499603271484,11.869999885559082,11.774999618530273,11.800000190734863,973959,0.0,0.0
2025-01-24 15:30:00-05:00,11.805000305175781,11.869999885559082,11.75,11.859999656677246,2342913,0.0,0.0
2025-01-27 09:30:00-05:00,12.0,12.109600067138672,10.65999984741211,10.925000190734863,15193664,0.0,0.0
2025-01-27 10:30:00-05:00,10.920000076293945,11.210000038146973,10.880000114440918,11.206299781799316,5814289,0.0,0.0
2025-01-27 11:30:00-05:00,11.204999923706055,11.229999542236328,11.104999542236328,11.145000457763672,1973169,0.0,0.0
2025-01-27 12:30:00-05:00,11.145000457763672,11.204999923706055,11.020000457763672,11.045000076293945,2231563,0.0,0.0
2025-01-27 13:30:00-05:00,11.045000076293945,11.170000076293945,11.04010009765625,11.104999542236328,2051770,0.0,0.0
2025-01-27 14:30:00-05:00,11.104999542236328,11.220000267028809,11.069999694824219,11.21500015258789,2745848,0.0,0.0
2025-01-27 15:30:00-05:00,11.21500015258789,11.34000015258789,11.175000190734863,11.34000015258789,4006131,0.0,0.0
2025-01-28 09:30:00-05:00,11.260000228881836,11.319999694824219,11.015000343322754,11.020000457763672,2664892,0.0,0.0
2025-01-28 10:30:00-05:00,11.015899658203125,11.079999923706055,10.900099754333496,10.907699584960938,2294681,0.0,0.0
2025-01-28 11:30:00-05:00,10.90470027923584,10.920000076293945,10.699999809265137,10.795000076293945,3858990,0.0,0.0
2025-01-28 12:30:00-05:00,10.795000076293945,10.805000305175781,10.710000038146973,10.78499984741211,2001488,0.0,0.0
2025-01-28 13:30:00-05:00,10.78849983215332,10.850000381469727,10.750100135803223,10.850000381469727,1487842,0.0,0.0
2025-01-28 14:30:00-05:00,10.850000381469727,10.9399995803833,10.850000381469727,10.895000457763672,2061410,0.0,0.0
2025-01-28 15:30:00-05:00,10.897500038146973,10.899999618530273,10.829999923706055,10.880000114440918,3060936,0.0,0.0
2025-01-29 09:30:00-05:00,10.880000114440918,11.329999923706055,10.869999885559082,11.3149995803833,3086454,0.0,0.0
2025-01-29 10:30:00-05:00,11.3100004196167,11.380000114440918,11.260000228881836,11.369999885559082,1414800,0.0,0.0
2025-01-29 11:30:00-05:00,11.364999771118164,11.380000114440918,11.23009967803955,11.29520034790039,1389979,0.0,0.0
2025-01-29 12:30:00-05:00,11.300000190734863,11.359800338745117,11.210000038146973,11.324999809265137,1450893,0.0,0.0
2025-01-29 13:30:00-05:00,11.324999809265137,11.420000076293945,11.164999961853027,11.244999885559082,2475160,0.0,0.0
2025-01-29 14:30:00-05:00,11.241999626159668,11.3149995803833,11.119999885559082,11.149999618530273,1711225,0.0,0.0
2025-01-29 15:30:00-05:00,11.154999732971191,11.279999732971191,11.100000381469727,11.260000228881836,2372724,0.0,0.0
2025-01-30 09:30:00-05:00,11.279999732971191,11.600000381469727,11.25,11.537799835205078,3404029,0.0,0.0
2025-01-30 10:30:00-05:00,11.539999961853027,11.579999923706055,11.375,11.4350004196167,1490068,0.0,0.0
2025-01-30 11:30:00-05:00,11.4350004196167,11.4399995803833,11.300000190734863,11.335000038146973,939575,0.0,0.0
2025-01-30 12:30:00-05:00,11.339900016784668,11.420000076293945,11.289999961853027,11.380000114440918,994274,0.0,0.0
2025-01-30 13:30:00-05:00,11.385000228881836,11.550000190734863,11.380000114440918,11.5,1906167,0.0,0.0
2025-01-30 14:30:00-05:00,11.5,11.535200119018555,11.460000038146973,11.524999618530273,1428989,0.0,0.0
2025-01-30 15:30:00-05:00,11.529999732971191,11.5600004196167,11.371000289916992,11.470000267028809,2748624,0.0,0.0
2025-01-31 09:30:00-05:00,9.930000305175781,9.970000267028809,9.520000457763672,9.6850004196167,31966093,0.0,0.0
2025-01-31 10:30:00-05:00,9.6899995803833,10.079999923706055,9.65999984741211,10.020000457763672,13328390,0.0,0.0
2025-01-31 11:30:00-05:00,10.024999618530273,10.380000114440918,10.0,10.368800163269043,8077140,0.0,0.0
2025-01-31 12:30:00-05:00,10.363499641418457,10.75,10.180000305175781,10.489999771118164,15309284,0.0,0.0
2025-01-31 13:30:00-05:00,10.484999656677246,10.59000015258789,10.270000457763672,10.324999809265137,6001641,0.0,0.0
2025-01-31 14:30:00-05:00,10.324999809265137,10.399999618530273,10.220000267028809,10.260000228881836,5475613,0.0,0.0
2025-01-31 15:30:00-05:00,10.265000343322754,10.350000381469727,10.1899995803833,10.279999732971191,6745767,0.0,0.0
2025-02-03 09:30:00-05:00,9.914999961853027,10.109999656677246,9.779999732971191,10.100000381469727,7926810,0.0,0.0
2025-02-03 10:30:00-05:00,10.100000381469727,10.149999618530273,9.90999984741211,9.944999694824219,2943723,0.0,0.0
2025-02-03 11:30:00-05:00,9.946399688720703,10.0,9.8100004196167,9.869999885559082,4502618,0.0,0.0
2025-02-03 12:30:00-05:00,9.875,9.90999984741211,9.800000190734863,9.804800033569336,2742533,0.0,0.0
2025-02-03 13:30:00-05:00,9.805000305175781,9.90999984741211,9.800000190734863,9.907400131225586,3166990,0.0,0.0
2025-02-03 14:30:00-05:00,9.90999984741211,9.960000038146973,9.800000190734863,9.805000305175781,2915567,0.0,0.0
2025-02-03 15:30:00-05:00,9.805000305175781,9.819999694824219,9.75,9.760000228881836,5230977,0.0,0.0
2025-02-04 09:30:00-05:00,9.65149974822998,9.975000381469727,9.609999656677246,9.694999694824219,4285322,0.0,0.0
2025-02-04 10:30:00-05:00,9.692500114440918,9.78499984741211,9.645000457763672,9.75,2413017,0.0,0.0
2025-02-04 11:30:00-05:00,9.744999885559082,9.8100004196167,9.675000190734863,9.699999809265137,1816953,0.0,0.0
2025-02-04 12:30:00-05:00,9.704999923706055,9.729999542236328,9.649999618530273,9.729999542236328,1891886,0.0,0.0
2025-02-04 13:30:00-05:00,9.729999542236328,9.859999656677246,9.6899995803833,9.824999809265137,1650392,0.0,0.0
2025-02-04 14:30:00-05:00,9.824999809265137,9.989999771118164,9.795000076293945,9.859999656677246,5295959,0.0,0.0
2025-02-04 15:30:00-05:00,9.869999885559082,9.909899711608887,9.819999694824219,9.880000114440918,3516233,0.0,0.0
2025-02-05 09:30:00-05:00,9.829999923706055,10.130000114440918,9.779999732971191,10.109999656677246,4404856,0.0,0.0
2025-02-05 10:30:00-05:00,10.109999656677246,10.164999961853027,10.064800262451172,10.079999923706055,1981078,0.0,0.0
2025-02-05 11:30:00-05:00,10.074799537658691,10.125,10.039999961853027,10.045000076293945,1182651,0.0,0.0
2025-02-05 12:30:00-05:00,10.04010009765625,10.149999618530273,10.039999961853027,10.139900207519531,1177214,0.0,0.0
2025-02-05 13:30:00-05:00,10.135000228881836,10.239999771118164,10.069999694824219,10.220100402832031,2036146,0.0,0.0
2025-02-05 14:30:00-05:00,10.225000381469727,10.270000457763672,10.180100440979004,10.21500015258789,2598145,0.0,0.0
2025-02-05 15:30:00-05:00,10.220000267028809,10.229999542236328,10.109999656677246,10.109999656677246,2908477,0.0,0.0
2025-02-06 09:30:00-05:00,10.149999618530273,10.279999732971191,10.119999885559082,10.1850004196167,2544560,0.0,0.0
2025-02-06 10:30:00-05:00,10.1850004196167,10.204999923706055,10.100000381469727,10.114999771118164,1128073,0.0,0.0
2025-02-06 11:30:00-05:00,10.111800193786621,10.175000190734863,10.100000381469727,10.164999961853027,1179698,0.0,0.0
2025-02-06 12:30:00-05:00,10.164999961853027,10.180000305175781,10.119999885559082,10.130000114440918,1034488,0.0,0.0
2025-02-06 13:30:00-05:00,10.130000114440918,10.13640022277832,9.960000038146973,9.994999885559082,2227463,0.0,0.0
2025-02-06 14:30:00-05:00,9.994999885559082,10.119999885559082,9.949999809265137,10.015000343322754,1400125,0.0,0.0
2025-02-06 15:30:00-05:00,10.015000343322754,10.079999923706055,10.005000114440918,10.050000190734863,2134839,0.0,0.0
2025-02-07 09:30:00-05:00,10.100000381469727,10.100000381469727,9.924400329589844,9.9399995803833,2365572,0.0,0.0
2025-02-07 10:30:00-05:00,9.949899673461914,9.96500015258789,9.850000381469727,9.864999771118164,1502126,0.0,0.0
2025-02-07 11:30:00-05:00,9.864999771118164,9.949999809265137,9.819999694824219,9.944999694824219,1639194,0.0,0.0
2025-02-07 12:30:00-05:00,9.944999694824219,9.979999542236328,9.90999984741211,9.920000076293945,703479,0.0,0.0
2025-02-07 13:30:00-05:00,9.920000076293945,10.11929988861084,9.920000076293945,10.085000038146973,2176991,0.0,0.0
2025-02-07 14:30:00-05:00,10.085000038146973,10.130000114440918,10.050000190734863,10.079999923706055,1010855,0.0,0.0
2025-02-07 15:30:00-05:00,10.074999809265137,10.145000457763672,10.045000076293945,10.130000114440918,1986571,0.0,0.0
2025-02-10 09:30:00-05:00,10.109999656677246,10.119999885559082,9.949999809265137,10.09000015258789,1759995,0.0,0.0
2025-02-10 10:30:00-05:00,10.09000015258789,10.130000114440918,9.949999809265137,9.954999923706055,870908,0.0,0.0
2025-02-10 11:30:00-05:00,9.959199905395508,10.010000228881836,9.9350004196167,9.96500015258789,933252,0.0,0.0
2025-02-10 12:30:00-05:00,9.970000267028809,10.0,9.9399995803833,9.96500015258789,836819,0.0,0.0
2025-02-10 13:30:00-05:00,9.96500015258789,9.989999771118164,9.9399995803833,9.96500015258789,978979,0.0,0.0
2025-02-10 14:30:00-05:00,9.970000267028809,9.975000381469727,9.883199691772461,9.908300399780273,1959669,0.0,0.0
2025-02-10 15:30:00-05:00,9.904999732971191,9.989999771118164,9.890000343322754,9.979999542236328,2111858,0.0,0.0
2025-02-11 09:30:00-05:00,9.670000076293945,9.800000190734863,9.46500015258789,9.505000114440918,5659069,0.0,0.0
2025-02-11 10:30:00-05:00,9.510000228881836,9.550000190734863,9.449999809265137,9.53499984741211,3019151,0.0,0.0
2025-02-11 11:30:00-05:00,9.539999961853027,9.574999809265137,9.5,9.53499984741211,1396352,0.0,0.0
2025-02-11 12:30:00-05:00,9.53499984741211,9.5600004196167,9.460000038146973,9.46500015258789,1084401,0.0,0.0
2025-02-11 13:30:00-05:00,9.46500015258789,9.5,9.380000114440918,9.404999732971191,3205830,0.0,0.0
2025-02-11 14:30:00-05:00,9.404999732971191,9.444999694824219,9.319999694824219,9.395000457763672,2824438,0.0,0.0
2025-02-11 15:30:00-05:00,9.395000457763672,9.425000190734863,9.319999694824219,9.369999885559082,3362861,0.0,0.0
2025-02-12 09:30:00-05:00,9.369999885559082,9.579999923706055,9.34000015258789,9.510000228881836,3472302,0.0,0.0
2025-02-12 10:30:00-05:00,9.510000228881836,9.568300247192383,9.385000228881836,9.425000190734863,2236014,0.0,0.0
2025-02-12 11:30:00-05:00,9.425000190734863,9.520000457763672,9.40999984741211,9.484999656677246,1540322,0.0,0.0
2025-02-12 12:30:00-05:00,9.480299949645996,9.529999732971191,9.460000038146973,9.505000114440918,1199195,0.0,0.0
2025-02-12 13:30:00-05:00,9.502799987792969,9.510000228881836,9.390000343322754,9.396699905395508,1418781,0.0,0.0
2025-02-12 14:30:00-05:00,9.390000343322754,9.5,9.390000343322754,9.460000038146973,1480548,0.0,0.0
2025-02-12 15:30:00-05:00,9.46500015258789,9.48740005493164,9.430000305175781,9.46500015258789,2489351,0.0,0.0
2025-02-13 09:30:00-05:00,9.510000228881836,9.579999923706055,9.449999809265137,9.505000114440918,1874359,0.0,0.0
2025-02-13 10:30:00-05:00,9.510000228881836,9.539999961853027,9.4399995803833,9.520299911499023,1684942,0.0,0.0
2025-02-13 11:30:00-05:00,9.520000457763672,9.595600128173828,9.510000228881836,9.595000267028809,1687423,0.0,0.0
2025-02-13 12:30:00-05:00,9.595000267028809,9.649999618530273,9.539999961853027,9.625,1306784,0.0,0.0
2025-02-13 13:30:00-05:00,9.630000114440918,9.760000228881836,9.609999656677246,9.729999542236328,1765654,0.0,0.0
2025-02-13 14:30:00-05:00,9.73009967803955,9.779999732971191,9.699999809265137,9.770000457763672,1326222,0.0,0.0
2025-02-13 15:30:00-05:00,9.765000343322754,9.8100004196167,9.739999771118164,9.770000457763672,2003766,0.0,0.0
2025-02-14 09:30:00-05:00,9.779999732971191,9.829999923706055,9.680000305175781,9.734999656677246,1740429,0.0,0.0
2025-02-14 10:30:00-05:00,9.734999656677246,9.819999694824219,9.6899995803833,9.755000114440918,1128965,0.0,0.0
2025-02-14 11:30:00-05:00,9.75,9.859999656677246,9.744999885559082,9.765000343322754,2097088,0.0,0.0
2025-02-14 12:30:00-05:00,9.760100364685059,9.779999732971191,9.710000038146973,9.725000381469727,1376580,0.0,0.0
2025-02-14 13:30:00-05:00,9.725000381469727,9.770000457763672,9.699999809265137,9.734999656677246,942379,0.0,0.0
2025-02-14 14:30:00-05:00,9.734999656677246,9.770000457763672,9.65999984741211,9.668800354003906,1667921,0.0,0.0
2025-02-14 15:30:00-05:00,9.664999961853027,9.708900451660156,9.65999984741211,9.699999809265137,2044943,0.0,0.0
2025-02-18 09:30:00-05:00,9.704999923706055,11.180000305175781,9.619999885559082,10.6850004196167,21342178,0.0,0.0
2025-02-18 10:30:00-05:00,10.6899995803833,10.819999694824219,10.649999618530273,10.755000114440918,4165177,0.0,0.0
2025-02-18 11:30:00-05:00,10.759300231933594,10.954999923706055,10.710000038146973,10.895000457763672,2691224,0.0,0.0
2025-02-18 12:30:00-05:00,10.890000343322754,10.930000305175781,10.739999771118164,10.774999618530273,2040729,0.0,0.0
2025-02-18 13:30:00-05:00,10.774999618530273,10.829999923706055,10.680000305175781,10.774999618530273,4112794,0.0,0.0
2025-02-18 14:30:00-05:00,10.774999618530273,11.029999732971191,10.739999771118164,11.024999618530273,3629886,0.0,0.0
2025-02-18 15:30:00-05:00,11.024999618530273,11.140000343322754,10.960000038146973,11.050000190734863,4675272,0.0,0.0
2025-02-19 09:30:00-05:00,10.899999618530273,11.03499984741211,10.774999618530273,10.87559986114502,3661787,0.0,0.0
2025-02-19 10:30:00-05:00,10.875,10.960000038146973,10.800000190734863,10.949999809265137,3213915,0.0,0.0
2025-02-19 11:30:00-05:00,10.960000038146973,10.970000267028809,10.8100004196167,10.862799644470215,1913578,0.0,0.0
2025-02-19 12:30:00-05:00,10.864999771118164,10.925000190734863,10.829999923706055,10.869999885559082,1295700,0.0,0.0
2025-02-19 13:30:00-05:00,10.869999885559082,10.9399995803833,10.75,10.925000190734863,2837388,0.0,0.0
2025-02-19 14:30:00-05:00,10.925000190734863,10.979999542236328,10.890000343322754,10.960000038146973,2012208,0.0,0.0
2025-02-19 15:30:00-05:00,10.968500137329102,10.989999771118164,10.770000457763672,10.800000190734863,4746447,0.0,0.0
2025-02-20 09:30:00-05:00,10.805000305175781,10.970000267028809,10.670000076293945,10.744999885559082,2709408,0.0,0.0
2025-02-20 10:30:00-05:00,10.739999771118164,10.859999656677246,10.704000473022461,10.704999923706055,1937865,0.0,0.0
2025-02-20 11:30:00-05:00,10.704999923706055,10.749899864196777,10.640000343322754,10.704999923706055,1551633,0.0,0.0
2025-02-20 12:30:00-05:00,10.704999923706055,10.859999656677246,10.6899995803833,10.765000343322754,997874,0.0,0.0
2025-02-20 13:30:00-05:00,10.765000343322754,10.829999923706055,10.095000267028809,10.53499984741211,7914623,0.0,0.0
2025-02-20 14:30:00-05:00,10.531499862670898,10.625,10.520000457763672,10.595000267028809,1553205,0.0,0.0
2025-02-20 15:30:00-05:00,10.595000267028809,10.600000381469727,10.484999656677246,10.5,2893855,0.0,0.0
2025-02-21 09:30:00-05:00,10.489999771118164,10.557499885559082,10.25,10.345000267028809,2156428,0.0,0.0
2025-02-21 10:30:00-05:00,10.343299865722656,10.399999618530273,10.279999732971191,10.3056001663208,979128,0.0,0.0
2025-02-21 11:30:00-05:00,10.305000305175781,10.329999923706055,10.260000228881836,10.279999732971191,1121229,0.0,0.0
2025-02-21 12:30:00-05:00,10.289999961853027,10.289999961853027,10.164999961853027,10.210000038146973,1808961,0.0,0.0
2025-02-21 13:30:00-05:00,10.21500015258789,10.270000457763672,10.1899995803833,10.259900093078613,1407458,0.0,0.0
2025-02-21 14:30:00-05:00,10.255000114440918,10.276399612426758,10.149999618530273,10.25,1330387,0.0,0.0
2025-02-21 15:30:00-05:00,10.25,10.324999809265137,10.130000114440918,10.149999618530273,3041498,0.0,0.0
2025-02-24 09:30:00-05:00,10.09000015258789,10.154999732971191,9.960000038146973,10.095000267028809,2886794,0.0,0.0
2025-02-24 10:30:00-05:00,10.095000267028809,10.149999618530273,10.0600004196167,10.149999618530273,722364,0.0,0.0
2025-02-24 11:30:00-05:00,10.149999618530273,10.359999656677246,10.149999618530273,10.35319995880127,2307529,0.0,0.0
2025-02-24 12:30:00-05:00,10.353400230407715,10.470000267028809,10.34119987487793,10.385000228881836,1713686,0.0,0.0
2025-02-24 13:30:00-05:00,10.380000114440918,10.640000343322754,10.375,10.625,1915686,0.0,0.0
2025-02-24 14:30:00-05:00,10.625,11.109999656677246,10.614999771118164,10.890000343322754,8583831,0.0,0.0
2025-02-24 15:30:00-05:00,10.890000343322754,10.9399995803833,10.789999961853027,10.819999694824219,4498442,0.0,0.0
2025-02-25 09:30:00-05:00,10.920000076293945,11.0,10.720100402832031,10.859999656677246,3149977,0.0,0.0
2025-02-25 10:30:00-05:00,10.854999542236328,11.129300117492676,10.760000228881836,11.06980037689209,3764367,0.0,0.0
2025-02-25 11:30:00-05:00,11.0600004196167,11.289299964904785,11.010000228881836,11.220000267028809,3443129,0.0,0.0
2025-02-25 12:30:00-05:00,11.220000267028809,11.4399995803833,11.180000305175781,11.260000228881836,3371912,0.0,0.0
2025-02-25 13:30:00-05:00,11.260000228881836,11.4399995803833,11.234999656677246,11.244999885559082,2245345,0.0,0.0
2025-02-25 14:30:00-05:00,11.244999885559082,11.3100004196167,11.170000076293945,11.299300193786621,1524234,0.0,0.0
2025-02-25 15:30:00-05:00,11.295000076293945,11.399999618530273,11.210000038146973,11.399999618530273,2641737,0.0,0.0
2025-02-26 09:30:00-05:00,11.300000190734863,11.479900360107422,11.112600326538086,11.239999771118164,3990450,0.0,0.0
2025-02-26 10:30:00-05:00,11.239999771118164,11.305000305175781,11.199999809265137,11.21500015258789,1909951,0.0,0.0
2025-02-26 11:30:00-05:00,11.219300270080566,11.234999656677246,11.109999656677246,11.1899995803833,1894344,0.0,0.0
2025-02-26 12:30:00-05:00,11.199999809265137,11.204999923706055,11.0600004196167,11.0649995803833,2720519,0.0,0.0
2025-02-26 13:30:00-05:00,11.0649995803833,11.140000343322754,10.960000038146973,11.130000114440918,3959159,0.0,0.0
2025-02-26 14:30:00-05:00,11.125,11.194999694824219,11.109999656677246,11.125,1461739,0.0,0.0
2025-02-26 15:30:00-05:00,11.125,11.140000343322754,11.010000228881836,11.039999961853027,2084487,0.0,0.0
2025-02-27 09:30:00-05:00,11.699999809265137,11.850000381469727,11.369999885559082,11.460000038146973,6399021,0.0,0.0
2025-02-27 10:30:00-05:00,11.449999809265137,11.569999694824219,11.370100021362305,11.519700050354004,2429804,0.0,0.0
2025-02-27 11:30:00-05:00,11.510100364685059,11.639900207519531,11.430000305175781,11.510000228881836,1289478,0.0,0.0
2025-02-27 12:30:00-05:00,11.510000228881836,11.569999694824219,11.470000267028809,11.509900093078613,821489,0.0,0.0
2025-02-27 13:30:00-05:00,11.503800392150879,11.619999885559082,11.494999885559082,11.504400253295898,1006257,0.0,0.0
2025-02-27 14:30:00-05:00,11.505000114440918,11.520000457763672,11.229999542236328,11.229999542236328,2414122,0.0,0.0
2025-02-27 15:30:00-05:00,11.229999542236328,11.289999961853027,11.1899995803833,11.239999771118164,2907637,0.0,0.0
2025-02-28 09:30:00-05:00,10.630000114440918,11.489999771118164,10.479999542236328,10.800000190734863,13961871,0.0,0.0
2025-02-28 10:30:00-05:00,10.805000305175781,10.960000038146973,10.779999732971191,10.78499984741211,2876448,0.0,0.0
2025-02-28 11:30:00-05:00,10.779999732971191,10.84000015258789,10.619999885559082,10.645000457763672,2486372,0.0,0.0
2025-02-28 12:30:00-05:00,10.645000457763672,10.670000076293945,10.550000190734863,10.59000015258789,1970725,0.0,0.0
2025-02-28 13:30:00-05:00,10.585000038146973,10.649999618530273,10.555000305175781,10.635000228881836,1549263,0.0,0.0
2025-02-28 14:30:00-05:00,10.635000228881836,10.744999885559082,10.619999885559082,10.720000267028809,1664124,0.0,0.0
2025-02-28 15:30:00-05:00,10.725000381469727,10.739999771118164,10.59000015258789,10.6899995803833,3529485,0.0,0.0
