Datetime,Open,High,Low,Close,Volume,Dividends,Stock Splits
2025-03-03 09:30:00-05:00,70.23999786376953,71.04499816894531,69.7300033569336,70.83769989013672,4927283,0.0,0.0
2025-03-03 10:30:00-05:00,70.83499908447266,71.58999633789062,70.73999786376953,71.4800033569336,1930553,0.0,0.0
2025-03-03 11:30:00-05:00,71.4749984741211,71.9000015258789,71.45999908447266,71.86000061035156,1700173,0.0,0.0
2025-03-03 12:30:00-05:00,71.8499984741211,71.98999786376953,71.77999877929688,71.93000030517578,1695824,0.0,0.0
2025-03-03 13:30:00-05:00,71.93000030517578,71.98999786376953,71.5999984741211,71.62999725341797,1410310,0.0,0.0
2025-03-03 14:30:00-05:00,71.63500213623047,72.06999969482422,71.58000183105469,71.95500183105469,1999133,0.0,0.0
2025-03-03 15:30:00-05:00,71.95500183105469,72.36000061035156,71.80000305175781,72.31999969482422,2920103,0.0,0.0
2025-03-04 09:30:00-05:00,72.06999969482422,72.6500015258789,71.7699966430664,72.16999816894531,5557254,0.0,0.0
2025-03-04 10:30:00-05:00,72.16000366210938,72.2300033569336,71.38999938964844,71.51499938964844,2843025,0.0,0.0
2025-03-04 11:30:00-05:00,71.51499938964844,71.5199966430664,70.61000061035156,70.66999816894531,2653436,0.0,0.0
2025-03-04 12:30:00-05:00,70.66999816894531,70.82499694824219,70.48999786376953,70.69999694824219,2299663,0.0,0.0
2025-03-04 13:30:00-05:00,70.70999908447266,70.82499694824219,70.29000091552734,70.38500213623047,1704483,0.0,0.0
2025-03-04 14:30:00-05:00,70.38500213623047,70.5999984741211,70.20999908447266,70.27999877929688,2120928,0.0,0.0
2025-03-04 15:30:00-05:00,70.2750015258789,70.37999725341797,69.87999725341797,70.19999694824219,3727976,0.0,0.0
2025-03-05 09:30:00-05:00,69.9000015258789,70.73999786376953,69.83999633789062,70.18000030517578,5908821,0.0,0.0
2025-03-05 10:30:00-05:00,70.17500305175781,70.45500183105469,70.12000274658203,70.26000213623047,1638333,0.0,0.0
2025-03-05 11:30:00-05:00,70.25499725341797,70.58499908447266,70.15499877929688,70.58439636230469,1253034,0.0,0.0
2025-03-05 12:30:00-05:00,70.58999633789062,70.6449966430664,70.21499633789062,70.40499877929688,1166528,0.0,0.0
2025-03-05 13:30:00-05:00,70.4000015258789,70.65499877929688,70.27999877929688,70.54499816894531,1538682,0.0,0.0
2025-03-05 14:30:00-05:00,70.55000305175781,70.62999725341797,70.36499786376953,70.37439727783203,1289542,0.0,0.0
2025-03-05 15:30:00-05:00,70.375,70.39720153808594,70.0,70.05999755859375,2217425,0.0,0.0
2025-03-06 09:30:00-05:00,70.41000366210938,70.52159881591797,69.44999694824219,69.58999633789062,4404387,0.0,0.0
2025-03-06 10:30:00-05:00,69.58999633789062,69.98999786376953,69.57499694824219,69.95500183105469,1268390,0.0,0.0
2025-03-06 11:30:00-05:00,69.95999908447266,70.12000274658203,69.55500030517578,69.56999969482422,1059852,0.0,0.0
2025-03-06 12:30:00-05:00,69.56999969482422,69.6500015258789,69.50337982177734,69.55500030517578,1054248,0.0,0.0
2025-03-06 13:30:00-05:00,69.55999755859375,69.84500122070312,69.55999755859375,69.83999633789062,1361357,0.0,0.0
2025-03-06 14:30:00-05:00,69.83999633789062,70.26000213623047,69.81999969482422,70.24500274658203,1767921,0.0,0.0
2025-03-06 15:30:00-05:00,70.24500274658203,70.52899932861328,70.15499877929688,70.44999694824219,3693020,0.0,0.0
2025-03-07 09:30:00-05:00,69.6500015258789,70.98999786376953,69.6500015258789,70.90499877929688,3399268,0.0,0.0
2025-03-07 10:30:00-05:00,70.90499877929688,71.25499725341797,70.68499755859375,71.23500061035156,2391367,0.0,0.0
2025-03-07 11:30:00-05:00,71.23500061035156,71.67500305175781,71.19499969482422,71.51499938964844,2561368,0.0,0.0
2025-03-07 12:30:00-05:00,71.5199966430664,71.81999969482422,71.5,71.63500213623047,2077813,0.0,0.0
2025-03-07 13:30:00-05:00,71.63680267333984,71.6500015258789,71.375,71.43499755859375,1534684,0.0,0.0
2025-03-07 14:30:00-05:00,71.43499755859375,71.56999969482422,71.22000122070312,71.2249984741211,2040239,0.0,0.0
2025-03-07 15:30:00-05:00,71.2249984741211,71.52999877929688,71.12999725341797,71.43000030517578,3249378,0.0,0.0
2025-03-10 09:30:00-04:00,71.95999908447266,72.62000274658203,71.7300033569336,72.45500183105469,4594812,0.0,0.0
2025-03-10 10:30:00-04:00,72.45999908447266,73.22000122070312,72.4000015258789,72.84500122070312,3674494,0.0,0.0
2025-03-10 11:30:00-04:00,72.83999633789062,72.875,72.37999725341797,72.79000091552734,2349391,0.0,0.0
2025-03-10 12:30:00-04:00,72.79000091552734,72.97550201416016,72.30000305175781,72.45500183105469,2584046,0.0,0.0
2025-03-10 13:30:00-04:00,72.45500183105469,72.65499877929688,72.26499938964844,72.27999877929688,1855174,0.0,0.0
2025-03-10 14:30:00-04:00,72.2750015258789,72.2750015258789,71.43000030517578,71.55000305175781,2769656,0.0,0.0
2025-03-10 15:30:00-04:00,71.54499816894531,71.88500213623047,71.31500244140625,71.47859954833984,3462564,0.0,0.0
2025-03-11 09:30:00-04:00,71.875,72.04000091552734,70.95999908447266,71.51000213623047,6005838,0.0,0.0
2025-03-11 10:30:00-04:00,71.5250015258789,71.54000091552734,70.86000061035156,70.94999694824219,2668005,0.0,0.0
2025-03-11 11:30:00-04:00,70.94999694824219,71.16000366210938,70.72000122070312,70.94999694824219,1735293,0.0,0.0
2025-03-11 12:30:00-04:00,70.94999694824219,71.02999877929688,70.61000061035156,71.00499725341797,1822094,0.0,0.0
2025-03-11 13:30:00-04:00,71.0,71.0999984741211,70.7249984741211,70.97000122070312,2365554,0.0,0.0
2025-03-11 14:30:00-04:00,70.9800033569336,71.16000366210938,70.7699966430664,71.09500122070312,2462690,0.0,0.0
2025-03-11 15:30:00-04:00,71.08999633789062,71.35780334472656,70.93000030517578,71.0199966430664,2961268,0.0,0.0
2025-03-12 09:30:00-04:00,70.37000274658203,70.7300033569336,69.88999938964844,70.2300033569336,4603909,0.0,0.0
2025-03-12 10:30:00-04:00,70.2394027709961,70.2699966430664,69.73999786376953,69.98999786376953,2816847,0.0,0.0
2025-03-12 11:30:00-04:00,69.99500274658203,70.33000183105469,69.91000366210938,70.16999816894531,1412241,0.0,0.0
2025-03-12 12:30:00-04:00,70.18000030517578,70.26499938964844,69.83499908447266,70.15499877929688,1096485,0.0,0.0
2025-03-12 13:30:00-04:00,70.1500015258789,70.375,70.1050033569336,70.25,1401691,0.0,0.0
2025-03-12 14:30:00-04:00,70.25499725341797,70.32499694824219,69.78500366210938,69.93499755859375,1672201,0.0,0.0
2025-03-12 15:30:00-04:00,69.93499755859375,70.05999755859375,69.79499816894531,69.91000366210938,2485153,0.0,0.0
2025-03-13 09:30:00-04:00,70.25,70.25,69.36499786376953,69.46949768066406,3257091,0.0,0.0
2025-03-13 10:30:00-04:00,69.47000122070312,69.66999816894531,69.30000305175781,69.42500305175781,1485518,0.0,0.0
2025-03-13 11:30:00-04:00,69.41999816894531,69.62000274658203,69.33000183105469,69.38999938964844,1312197,0.0,0.0
2025-03-13 12:30:00-04:00,69.37999725341797,69.50499725341797,69.30999755859375,69.37999725341797,961478,0.0,0.0
2025-03-13 13:30:00-04:00,69.38999938964844,69.5,69.28099822998047,69.32499694824219,1162537,0.0,0.0
2025-03-13 14:30:00-04:00,69.33000183105469,69.5199966430664,69.30000305175781,69.44029998779297,1316736,0.0,0.0
2025-03-13 15:30:00-04:00,69.44000244140625,69.66000366210938,69.42500305175781,69.6449966430664,2427003,0.0,0.0
2025-03-14 09:30:00-04:00,68.51000213623047,69.26000213623047,68.38030242919922,68.9800033569336,2998942,0.51,0.0
2025-03-14 10:30:00-04:00,68.98500061035156,69.08000183105469,68.82499694824219,68.9749984741211,1393328,0.0,0.0
2025-03-14 11:30:00-04:00,68.9800033569336,69.04000091552734,68.77159881591797,68.88500213623047,1099830,0.0,0.0
2025-03-14 12:30:00-04:00,68.88500213623047,69.125,68.8499984741211,69.05500030517578,1011797,0.0,0.0
2025-03-14 13:30:00-04:00,69.05500030517578,69.11000061035156,68.8499984741211,68.91000366210938,1040800,0.0,0.0
2025-03-14 14:30:00-04:00,68.90499877929688,69.19000244140625,68.88999938964844,69.09500122070312,1301143,0.0,0.0
2025-03-14 15:30:00-04:00,69.09500122070312,69.26000213623047,69.01000213623047,69.13999938964844,2387080,0.0,0.0
2025-03-17 09:30:00-04:00,69.23999786376953,69.98999786376953,69.12999725341797,69.98159790039062,2507128,0.0,0.0
2025-03-17 10:30:00-04:00,69.98500061035156,70.06999969482422,69.63999938964844,69.6500015258789,1666251,0.0,0.0
2025-03-17 11:30:00-04:00,69.6500015258789,69.7750015258789,69.55000305175781,69.73500061035156,983687,0.0,0.0
2025-03-17 12:30:00-04:00,69.7300033569336,69.87000274658203,69.68000030517578,69.84500122070312,815429,0.0,0.0
2025-03-17 13:30:00-04:00,69.84500122070312,70.0999984741211,69.81999969482422,69.91500091552734,1029622,0.0,0.0
2025-03-17 14:30:00-04:00,69.91000366210938,70.06500244140625,69.87999725341797,70.05999755859375,1672519,0.0,0.0
2025-03-17 15:30:00-04:00,70.06289672851562,70.16999816894531,70.01000213623047,70.12999725341797,2315309,0.0,0.0
2025-03-18 09:30:00-04:00,70.11000061035156,70.19000244140625,69.66999816894531,69.79499816894531,2257304,0.0,0.0
2025-03-18 10:30:00-04:00,69.80000305175781,69.97000122070312,69.7301025390625,69.73999786376953,1997353,0.0,0.0
2025-03-18 11:30:00-04:00,69.73500061035156,69.87999725341797,69.7300033569336,69.87999725341797,1141911,0.0,0.0
2025-03-18 12:30:00-04:00,69.88999938964844,69.8949966430664,69.43000030517578,69.58999633789062,1036712,0.0,0.0
2025-03-18 13:30:00-04:00,69.58999633789062,69.75499725341797,69.53500366210938,69.54000091552734,759167,0.0,0.0
2025-03-18 14:30:00-04:00,69.54000091552734,69.58999633789062,69.30999755859375,69.44999694824219,1326755,0.0,0.0
2025-03-18 15:30:00-04:00,69.45999908447266,69.4800033569336,69.30000305175781,69.4000015258789,1493945,0.0,0.0
2025-03-19 09:30:00-04:00,68.55000305175781,69.16000366210938,68.54000091552734,69.16000366210938,3383298,0.0,0.0
2025-03-19 10:30:00-04:00,69.15170288085938,69.18000030517578,68.72000122070312,68.84500122070312,1215711,0.0,0.0
2025-03-19 11:30:00-04:00,68.84500122070312,69.0199966430664,68.80999755859375,68.94499969482422,1266529,0.0,0.0
2025-03-19 12:30:00-04:00,68.94999694824219,69.01000213623047,68.80249786376953,68.80999755859375,763138,0.0,0.0
2025-03-19 13:30:00-04:00,68.81500244140625,68.8949966430664,68.61499786376953,68.77999877929688,926764,0.0,0.0
2025-03-19 14:30:00-04:00,68.77999877929688,69.25499725341797,68.77999877929688,69.21499633789062,1191407,0.0,0.0
2025-03-19 15:30:00-04:00,69.22000122070312,69.37999725341797,69.13500213623047,69.30999755859375,1652472,0.0,0.0
2025-03-20 09:30:00-04:00,69.30500030517578,69.80999755859375,69.30500030517578,69.53500366210938,2268906,0.0,0.0
2025-03-20 10:30:00-04:00,69.54000091552734,69.58000183105469,69.114501953125,69.1500015258789,1100342,0.0,0.0
2025-03-20 11:30:00-04:00,69.1500015258789,69.44999694824219,69.08999633789062,69.4000015258789,1184414,0.0,0.0
2025-03-20 12:30:00-04:00,69.40499877929688,69.53500366210938,69.23999786376953,69.29000091552734,887202,0.0,0.0
2025-03-20 13:30:00-04:00,69.29000091552734,69.45500183105469,69.25160217285156,69.34500122070312,867391,0.0,0.0
2025-03-20 14:30:00-04:00,69.33999633789062,69.47000122070312,69.30999755859375,69.375,1117683,0.0,0.0
2025-03-20 15:30:00-04:00,69.375,69.75,69.34500122070312,69.69999694824219,3182122,0.0,0.0
2025-03-21 09:30:00-04:00,69.70999908447266,69.97000122070312,68.5719985961914,68.73999786376953,6559077,0.0,0.0
2025-03-21 10:30:00-04:00,68.7300033569336,68.81999969482422,68.61000061035156,68.66500091552734,3270816,0.0,0.0
2025-03-21 11:30:00-04:00,68.66500091552734,68.83000183105469,68.58499908447266,68.73999786376953,1467720,0.0,0.0
2025-03-21 12:30:00-04:00,68.73999786376953,68.81500244140625,68.56500244140625,68.5790023803711,947370,0.0,0.0
2025-03-21 13:30:00-04:00,68.57499694824219,68.7300033569336,68.47000122070312,68.48500061035156,999923,0.0,0.0
2025-03-21 14:30:00-04:00,68.48999786376953,68.5199966430664,68.18000030517578,68.2750015258789,1857851,0.0,0.0
2025-03-21 15:30:00-04:00,68.2750015258789,68.66999816894531,68.2699966430664,68.63999938964844,3719097,0.0,0.0
2025-03-24 09:30:00-04:00,68.80000305175781,69.08000183105469,68.33000183105469,68.76439666748047,2627150,0.0,0.0
2025-03-24 10:30:00-04:00,68.76499938964844,68.83000183105469,68.5999984741211,68.80500030517578,1009866,0.0,0.0
2025-03-24 11:30:00-04:00,68.80500030517578,68.9000015258789,68.73500061035156,68.875,1579746,0.0,0.0
2025-03-24 12:30:00-04:00,68.875,68.87999725341797,68.61000061035156,68.70379638671875,532985,0.0,0.0
2025-03-24 13:30:00-04:00,68.70500183105469,68.82499694824219,68.70500183105469,68.75499725341797,1233779,0.0,0.0
2025-03-24 14:30:00-04:00,68.75,68.84500122070312,68.69000244140625,68.7300033569336,968306,0.0,0.0
2025-03-24 15:30:00-04:00,68.73500061035156,69.02999877929688,68.7249984741211,68.91999816894531,1506882,0.0,0.0
2025-03-25 09:30:00-04:00,68.94999694824219,69.0199966430664,68.6500015258789,68.81500244140625,2045758,0.0,0.0
2025-03-25 10:30:00-04:00,68.80500030517578,69.08000183105469,68.6500015258789,68.80500030517578,1331857,0.0,0.0
2025-03-25 11:30:00-04:00,68.80999755859375,68.8949966430664,68.63999938964844,68.66500091552734,703293,0.0,0.0
2025-03-25 12:30:00-04:00,68.66500091552734,68.8375015258789,68.61499786376953,68.82980346679688,790476,0.0,0.0
2025-03-25 13:30:00-04:00,68.81999969482422,68.86000061035156,68.78500366210938,68.81999969482422,630935,0.0,0.0
2025-03-25 14:30:00-04:00,68.82499694824219,68.83999633789062,68.6449966430664,68.7249984741211,726187,0.0,0.0
2025-03-25 15:30:00-04:00,68.7249984741211,68.86000061035156,68.5999984741211,68.81999969482422,1838801,0.0,0.0
2025-03-26 09:30:00-04:00,68.91999816894531,69.47000122070312,68.9000015258789,69.30999755859375,2825711,0.0,0.0
2025-03-26 10:30:00-04:00,69.31500244140625,69.5999984741211,69.01000213623047,69.56050109863281,1831022,0.0,0.0
2025-03-26 11:30:00-04:00,69.56500244140625,69.78500366210938,69.45999908447266,69.74500274658203,1186645,0.0,0.0
2025-03-26 12:30:00-04:00,69.74500274658203,69.9800033569336,69.66999816894531,69.97000122070312,762217,0.0,0.0
2025-03-26 13:30:00-04:00,69.9749984741211,70.19999694824219,69.93000030517578,70.11499786376953,958242,0.0,0.0
2025-03-26 14:30:00-04:00,70.11499786376953,70.19999694824219,70.05000305175781,70.12999725341797,1024933,0.0,0.0
2025-03-26 15:30:00-04:00,70.12999725341797,70.3499984741211,70.0,70.0199966430664,1803648,0.0,0.0
2025-03-27 09:30:00-04:00,70.18000030517578,70.93000030517578,70.06999969482422,70.65499877929688,2140735,0.0,0.0
2025-03-27 10:30:00-04:00,70.65499877929688,70.73999786376953,70.4800033569336,70.69000244140625,1231438,0.0,0.0
2025-03-27 11:30:00-04:00,70.70500183105469,70.77999877929688,70.55000305175781,70.5999984741211,1226718,0.0,0.0
2025-03-27 12:30:00-04:00,70.5999984741211,70.68820190429688,70.42500305175781,70.68820190429688,922614,0.0,0.0
2025-03-27 13:30:00-04:00,70.68499755859375,70.75,70.53500366210938,70.61499786376953,920701,0.0,0.0
2025-03-27 14:30:00-04:00,70.61499786376953,70.8550033569336,70.56500244140625,70.8499984741211,983920,0.0,0.0
2025-03-27 15:30:00-04:00,70.8499984741211,70.98500061035156,70.70249938964844,70.73999786376953,1686499,0.0,0.0
2025-03-28 09:30:00-04:00,70.80999755859375,71.29560089111328,70.80999755859375,71.29000091552734,2367274,0.0,0.0
2025-03-28 10:30:00-04:00,71.29000091552734,71.31500244140625,70.97000122070312,71.16000366210938,1374945,0.0,0.0
2025-03-28 11:30:00-04:00,71.16439819335938,71.29000091552734,70.8550033569336,70.8550033569336,1030857,0.0,0.0
2025-03-28 12:30:00-04:00,70.8499984741211,70.94999694824219,70.73999786376953,70.8499984741211,879726,0.0,0.0
2025-03-28 13:30:00-04:00,70.8550033569336,71.0,69.52999877929688,69.87999725341797,4255855,0.0,0.0
2025-03-28 14:30:00-04:00,69.87000274658203,70.48999786376953,69.66999816894531,70.44000244140625,3175036,0.0,0.0
2025-03-28 15:30:00-04:00,70.44000244140625,70.54499816894531,70.29499816894531,70.37000274658203,1989605,0.0,0.0
2025-03-31 09:30:00-04:00,70.7300033569336,71.80999755859375,70.48999786376953,71.76499938964844,4334617,0.0,0.0
2025-03-31 10:30:00-04:00,71.76000213623047,71.83999633789062,71.6050033569336,71.66000366210938,2547583,0.0,0.0
2025-03-31 11:30:00-04:00,71.65019989013672,71.7300033569336,71.45999908447266,71.4749984741211,1585452,0.0,0.0
2025-03-31 12:30:00-04:00,71.4800033569336,71.5,71.28500366210938,71.4749984741211,1166744,0.0,0.0
2025-03-31 13:30:00-04:00,71.4749984741211,71.77999877929688,71.3949966430664,71.7750015258789,1409434,0.0,0.0
2025-03-31 14:30:00-04:00,71.7750015258789,71.93000030517578,71.57499694824219,71.83499908447266,1647196,0.0,0.0
2025-03-31 15:30:00-04:00,71.83000183105469,71.9375,71.55000305175781,71.62999725341797,2795767,0.0,0.0
2025-04-01 09:30:00-04:00,71.68000030517578,71.91000366210938,71.18499755859375,71.49500274658203,2702291,0.0,0.0
2025-04-01 10:30:00-04:00,71.49500274658203,71.8550033569336,71.45999908447266,71.70500183105469,1479607,0.0,0.0
2025-04-01 11:30:00-04:00,71.70500183105469,71.86499786376953,71.63999938964844,71.65499877929688,1357361,0.0,0.0
2025-04-01 12:30:00-04:00,71.66000366210938,71.73999786376953,71.53500366210938,71.63999938964844,1095699,0.0,0.0
2025-04-01 13:30:00-04:00,71.625,71.73999786376953,71.55570220947266,71.69779968261719,868452,0.0,0.0
2025-04-01 14:30:00-04:00,71.69000244140625,71.69999694824219,71.4749984741211,71.6449966430664,1239345,0.0,0.0
2025-04-01 15:30:00-04:00,71.6449966430664,71.87000274658203,71.63999938964844,71.87000274658203,2009161,0.0,0.0
2025-04-02 09:30:00-04:00,71.95999908447266,72.36000061035156,71.5801010131836,71.97000122070312,2454258,0.0,0.0
2025-04-02 10:30:00-04:00,71.97000122070312,72.13999938964844,71.81500244140625,71.82499694824219,979111,0.0,0.0
2025-04-02 11:30:00-04:00,71.83000183105469,71.92500305175781,71.25499725341797,71.26499938964844,1278896,0.0,0.0
2025-04-02 12:30:00-04:00,71.26499938964844,71.34500122070312,71.05000305175781,71.11499786376953,1213522,0.0,0.0
2025-04-02 13:30:00-04:00,71.11499786376953,71.23999786376953,71.05000305175781,71.125,1130808,0.0,0.0
2025-04-02 14:30:00-04:00,71.125,71.31999969482422,71.08000183105469,71.2300033569336,1379145,0.0,0.0
2025-04-02 15:30:00-04:00,71.2300033569336,71.48500061035156,71.22000122070312,71.33000183105469,2183504,0.0,0.0
2025-04-03 09:30:00-04:00,72.4800033569336,73.16999816894531,72.31999969482422,73.0999984741211,5623926,0.0,0.0
2025-04-03 10:30:00-04:00,73.09500122070312,73.94999694824219,73.08999633789062,73.68499755859375,5028693,0.0,0.0
2025-04-03 11:30:00-04:00,73.69499969482422,73.69499969482422,72.9800033569336,73.18840026855469,3136485,0.0,0.0
2025-04-03 12:30:00-04:00,73.19000244140625,73.19999694824219,72.83000183105469,72.98999786376953,1239215,0.0,0.0
2025-04-03 13:30:00-04:00,73.0,73.4000015258789,72.96170043945312,73.4000015258789,1288415,0.0,0.0
2025-04-03 14:30:00-04:00,73.39710235595703,73.44999694824219,73.09100341796875,73.19999694824219,2151348,0.0,0.0
2025-04-03 15:30:00-04:00,73.20010375976562,73.30000305175781,73.02999877929688,73.18000030517578,3404005,0.0,0.0
2025-04-04 09:30:00-04:00,72.41999816894531,73.01000213623047,71.58499908447266,71.96179962158203,5053451,0.0,0.0
2025-04-04 10:30:00-04:00,71.95999908447266,72.21499633789062,70.77999877929688,70.94999694824219,4130974,0.0,0.0
2025-04-04 11:30:00-04:00,70.94499969482422,71.16999816894531,70.63999938964844,70.75,2326913,0.0,0.0
2025-04-04 12:30:00-04:00,70.75250244140625,70.92510223388672,70.29000091552734,70.70549774169922,1863966,0.0,0.0
2025-04-04 13:30:00-04:00,70.69000244140625,70.88500213623047,70.19499969482422,70.30500030517578,1962647,0.0,0.0
2025-04-04 14:30:00-04:00,70.30000305175781,70.3499984741211,69.88999938964844,70.31999969482422,2662379,0.0,0.0
2025-04-04 15:30:00-04:00,70.31999969482422,70.55500030517578,69.79000091552734,69.94999694824219,3620659,0.0,0.0
2025-04-07 09:30:00-04:00,66.2300033569336,69.37999725341797,66.05000305175781,67.58000183105469,10545283,0.0,0.0
2025-04-07 10:30:00-04:00,67.57219696044922,68.43000030517578,67.05000305175781,67.24980163574219,4484158,0.0,0.0
2025-04-07 11:30:00-04:00,67.23999786376953,68.30000305175781,67.2300033569336,67.73999786376953,2334977,0.0,0.0
2025-04-07 12:30:00-04:00,67.76000213623047,68.36000061035156,67.4000015258789,68.3499984741211,1811812,0.0,0.0
2025-04-07 13:30:00-04:00,68.3499984741211,68.87999725341797,68.05999755859375,68.83999633789062,2089539,0.0,0.0
2025-04-07 14:30:00-04:00,68.8499984741211,68.95999908447266,68.05999755859375,68.1240005493164,2270195,0.0,0.0
2025-04-07 15:30:00-04:00,68.12000274658203,68.51499938964844,68.08000183105469,68.3499984741211,3065370,0.0,0.0
