Datetime,Open,High,Low,Close,Volume,Dividends,Stock Splits
2025-03-03 09:30:00-05:00,39.4900016784668,39.49980163574219,38.38999938964844,39.02000045776367,221924,0.0,0.0
2025-03-03 10:30:00-05:00,39.119998931884766,39.208099365234375,38.34000015258789,38.385501861572266,122445,0.0,0.0
2025-03-03 11:30:00-05:00,38.36520004272461,38.65999984741211,38.119998931884766,38.650001525878906,83626,0.0,0.0
2025-03-03 12:30:00-05:00,38.64500045776367,38.64500045776367,37.88999938964844,37.90999984741211,130829,0.0,0.0
2025-03-03 13:30:00-05:00,37.900001525878906,37.97999954223633,37.650001525878906,37.7244987487793,212135,0.0,0.0
2025-03-03 14:30:00-05:00,37.724998474121094,37.93000030517578,36.689998626708984,36.744998931884766,249514,0.0,0.0
2025-03-03 15:30:00-05:00,36.7599983215332,36.93000030517578,36.63999938964844,36.900001525878906,257216,0.0,0.0
2025-03-04 09:30:00-05:00,37.0,37.78499984741211,36.7400016784668,37.59000015258789,352489,0.0,0.0
2025-03-04 10:30:00-05:00,37.63999938964844,37.65999984741211,37.099998474121094,37.2400016784668,210595,0.0,0.0
2025-03-04 11:30:00-05:00,37.2599983215332,38.01499938964844,37.2599983215332,37.92499923706055,146919,0.0,0.0
2025-03-04 12:30:00-05:00,37.93000030517578,38.174198150634766,37.84700012207031,37.994998931884766,317078,0.0,0.0
2025-03-04 13:30:00-05:00,37.9900016784668,38.630001068115234,37.92499923706055,38.61000061035156,255511,0.0,0.0
2025-03-04 14:30:00-05:00,38.61000061035156,38.61000061035156,38.18000030517578,38.220001220703125,339454,0.0,0.0
2025-03-04 15:30:00-05:00,38.20500183105469,38.20500183105469,37.5099983215332,37.540000915527344,396164,0.0,0.0
2025-03-05 09:30:00-05:00,38.06999969482422,38.380001068115234,37.290000915527344,37.38999938964844,196364,0.0,0.0
2025-03-05 10:30:00-05:00,37.349998474121094,37.560001373291016,36.994998931884766,37.03499984741211,90809,0.0,0.0
2025-03-05 11:30:00-05:00,37.06999969482422,37.20000076293945,36.81999969482422,37.1349983215332,99996,0.0,0.0
2025-03-05 12:30:00-05:00,37.15570068359375,37.380001068115234,37.029998779296875,37.15599822998047,69870,0.0,0.0
2025-03-05 13:30:00-05:00,37.119998931884766,37.64500045776367,37.09000015258789,37.5099983215332,63645,0.0,0.0
2025-03-05 14:30:00-05:00,37.525001525878906,38.380001068115234,37.40999984741211,38.27000045776367,294256,0.0,0.0
2025-03-05 15:30:00-05:00,38.220001220703125,38.529998779296875,38.150001525878906,38.22999954223633,453081,0.0,0.0
2025-03-06 09:30:00-05:00,37.290000915527344,38.209999084472656,37.150001525878906,38.201499938964844,148990,0.0,0.0
2025-03-06 10:30:00-05:00,38.13999938964844,38.220001220703125,37.86000061035156,38.0,143046,0.0,0.0
2025-03-06 11:30:00-05:00,38.0,38.13999938964844,37.810001373291016,37.900001525878906,182964,0.0,0.0
2025-03-06 12:30:00-05:00,37.867698669433594,38.09000015258789,37.650001525878906,37.994998931884766,96293,0.0,0.0
2025-03-06 13:30:00-05:00,38.02000045776367,38.119998931884766,37.86249923706055,38.0,98857,0.0,0.0
2025-03-06 14:30:00-05:00,37.994998931884766,38.540000915527344,37.97999954223633,38.2599983215332,184389,0.0,0.0
2025-03-06 15:30:00-05:00,38.29499816894531,38.4900016784668,38.27000045776367,38.40999984741211,313772,0.0,0.0
2025-03-07 09:30:00-05:00,39.65999984741211,39.93000030517578,39.119998931884766,39.8849983215332,346259,0.0,0.0
2025-03-07 10:30:00-05:00,39.845001220703125,40.08000183105469,39.34000015258789,39.790000915527344,330955,0.0,0.0
2025-03-07 11:30:00-05:00,39.79999923706055,39.91999816894531,39.474998474121094,39.540000915527344,292066,0.0,0.0
2025-03-07 12:30:00-05:00,39.52000045776367,40.029998779296875,39.5099983215332,39.845001220703125,222105,0.0,0.0
2025-03-07 13:30:00-05:00,39.86000061035156,40.125,39.79999923706055,40.09000015258789,157391,0.0,0.0
2025-03-07 14:30:00-05:00,40.099998474121094,40.189998626708984,39.81999969482422,39.939998626708984,189491,0.0,0.0
2025-03-07 15:30:00-05:00,39.935001373291016,40.095001220703125,39.7400016784668,40.0,403357,0.0,0.0
2025-03-10 09:30:00-04:00,39.810001373291016,41.75,39.76499938964844,40.77000045776367,479645,0.0,0.0
2025-03-10 10:30:00-04:00,40.75,40.90999984741211,40.279998779296875,40.33000183105469,342669,0.0,0.0
2025-03-10 11:30:00-04:00,40.33000183105469,40.40999984741211,39.81999969482422,40.09000015258789,283733,0.0,0.0
2025-03-10 12:30:00-04:00,40.11000061035156,40.25,39.83000183105469,40.040000915527344,278239,0.0,0.0
2025-03-10 13:30:00-04:00,40.0099983215332,40.14500045776367,39.79999923706055,39.814998626708984,217202,0.0,0.0
2025-03-10 14:30:00-04:00,39.81999969482422,39.90999984741211,39.2599983215332,39.45000076293945,388049,0.0,0.0
2025-03-10 15:30:00-04:00,39.45000076293945,39.81999969482422,39.45000076293945,39.75,609960,0.0,0.0
2025-03-11 09:30:00-04:00,40.459999084472656,40.58000183105469,37.54999923706055,37.54999923706055,447523,0.0,0.0
2025-03-11 10:30:00-04:00,37.56999969482422,37.630001068115234,36.959999084472656,37.04999923706055,850880,0.0,0.0
2025-03-11 11:30:00-04:00,37.02000045776367,37.20500183105469,36.459999084472656,36.54999923706055,251375,0.0,0.0
2025-03-11 12:30:00-04:00,36.56999969482422,36.7400016784668,36.20000076293945,36.41999816894531,297848,0.0,0.0
2025-03-11 13:30:00-04:00,36.400001525878906,37.290000915527344,36.38999938964844,37.154998779296875,384398,0.0,0.0
2025-03-11 14:30:00-04:00,37.11000061035156,37.63999938964844,37.029998779296875,37.119998931884766,350012,0.0,0.0
2025-03-11 15:30:00-04:00,37.099998474121094,37.439998626708984,36.91999816894531,37.255001068115234,661749,0.0,0.0
2025-03-12 09:30:00-04:00,37.709999084472656,38.29999923706055,37.470001220703125,37.560001373291016,227291,0.0,0.0
2025-03-12 10:30:00-04:00,37.505001068115234,37.540401458740234,37.029998779296875,37.23500061035156,118547,0.0,0.0
2025-03-12 11:30:00-04:00,37.22999954223633,37.369998931884766,37.16999816894531,37.16999816894531,94134,0.0,0.0
2025-03-12 12:30:00-04:00,37.220001220703125,37.25,36.935001373291016,37.13999938964844,88918,0.0,0.0
2025-03-12 13:30:00-04:00,37.1349983215332,37.16999816894531,36.75600051879883,36.935001373291016,98156,0.0,0.0
2025-03-12 14:30:00-04:00,36.92789840698242,37.150001525878906,36.86119842529297,36.94499969482422,167626,0.0,0.0
2025-03-12 15:30:00-04:00,36.959999084472656,37.0099983215332,36.75,36.81999969482422,313535,0.0,0.0
2025-03-13 09:30:00-04:00,36.720001220703125,37.66899871826172,36.630001068115234,37.16999816894531,195445,0.0,0.0
2025-03-13 10:30:00-04:00,37.18000030517578,37.279998779296875,36.869998931884766,36.880001068115234,147915,0.0,0.0
2025-03-13 11:30:00-04:00,36.90999984741211,36.90999984741211,36.630001068115234,36.79999923706055,133852,0.0,0.0
2025-03-13 12:30:00-04:00,36.75,37.0,36.349998474121094,36.400001525878906,142017,0.0,0.0
2025-03-13 13:30:00-04:00,36.380001068115234,36.640499114990234,36.20000076293945,36.630001068115234,155786,0.0,0.0
2025-03-13 14:30:00-04:00,36.599998474121094,36.779998779296875,36.46009826660156,36.51499938964844,184190,0.0,0.0
2025-03-13 15:30:00-04:00,36.51499938964844,36.599998474121094,36.369998931884766,36.529998779296875,282946,0.0,0.0
2025-03-14 09:30:00-04:00,36.9900016784668,37.959999084472656,36.91999816894531,37.459999084472656,263002,0.0,0.0
2025-03-14 10:30:00-04:00,37.474998474121094,37.814701080322266,37.439998626708984,37.72999954223633,155951,0.0,0.0
2025-03-14 11:30:00-04:00,37.7599983215332,37.880001068115234,37.6713981628418,37.689998626708984,100069,0.0,0.0
2025-03-14 12:30:00-04:00,37.70000076293945,37.97999954223633,37.689998626708984,37.84000015258789,137385,0.0,0.0
2025-03-14 13:30:00-04:00,37.81999969482422,37.95000076293945,37.66999816894531,37.915000915527344,118594,0.0,0.0
2025-03-14 14:30:00-04:00,37.90999984741211,38.02000045776367,37.86000061035156,37.86000061035156,171880,0.0,0.0
2025-03-14 15:30:00-04:00,37.875,37.88999938964844,37.70000076293945,37.71099853515625,293766,0.0,0.0
2025-03-17 09:30:00-04:00,37.654998779296875,38.56999969482422,37.643798828125,38.2599983215332,125662,0.0,0.0
2025-03-17 10:30:00-04:00,38.255001068115234,38.58000183105469,38.18000030517578,38.52000045776367,126832,0.0,0.0
2025-03-17 11:30:00-04:00,38.540000915527344,38.709999084472656,38.404998779296875,38.64500045776367,81206,0.0,0.0
2025-03-17 12:30:00-04:00,38.64500045776367,38.93000030517578,38.59000015258789,38.93000030517578,97635,0.0,0.0
2025-03-17 13:30:00-04:00,38.93000030517578,39.34000015258789,38.90999984741211,39.119998931884766,238840,0.0,0.0
2025-03-17 14:30:00-04:00,39.099998474121094,39.22999954223633,38.9900016784668,39.02000045776367,146538,0.0,0.0
2025-03-17 15:30:00-04:00,39.040000915527344,39.064998626708984,38.69499969482422,38.720001220703125,529510,0.0,0.0
2025-03-18 09:30:00-04:00,38.41999816894531,38.54999923706055,37.91999816894531,38.51499938964844,106196,0.0,0.0
2025-03-18 10:30:00-04:00,38.505001068115234,38.630001068115234,38.157501220703125,38.36000061035156,172258,0.0,0.0
2025-03-18 11:30:00-04:00,38.3849983215332,38.625,38.2400016784668,38.61000061035156,88126,0.0,0.0
2025-03-18 12:30:00-04:00,38.630001068115234,38.650001525878906,38.185001373291016,38.439998626708984,151934,0.0,0.0
2025-03-18 13:30:00-04:00,38.41999816894531,38.560001373291016,38.15999984741211,38.31999969482422,297970,0.0,0.0
2025-03-18 14:30:00-04:00,38.33000183105469,38.61000061035156,38.33000183105469,38.5,379758,0.0,0.0
2025-03-18 15:30:00-04:00,38.4900016784668,38.75,38.43000030517578,38.689998626708984,597560,0.0,0.0
2025-03-19 09:30:00-04:00,38.560001373291016,38.88999938964844,38.45000076293945,38.61000061035156,73588,0.0,0.0
2025-03-19 10:30:00-04:00,38.59000015258789,38.79999923706055,38.570098876953125,38.7599983215332,98840,0.0,0.0
2025-03-19 11:30:00-04:00,38.76499938964844,38.96500015258789,38.7599983215332,38.90999984741211,83847,0.0,0.0
2025-03-19 12:30:00-04:00,38.9370002746582,38.939998626708984,38.63199996948242,38.63199996948242,65962,0.0,0.0
2025-03-19 13:30:00-04:00,38.599998474121094,38.709999084472656,38.33000183105469,38.529998779296875,61650,0.0,0.0
2025-03-19 14:30:00-04:00,38.560001373291016,39.15999984741211,38.540000915527344,38.54999923706055,293494,0.0,0.0
2025-03-19 15:30:00-04:00,38.560001373291016,38.84000015258789,38.52000045776367,38.619998931884766,188606,0.0,0.0
2025-03-20 09:30:00-04:00,38.11000061035156,38.369998931884766,37.869998931884766,38.15800094604492,91341,0.0,0.0
2025-03-20 10:30:00-04:00,38.189998626708984,38.2599983215332,38.025001525878906,38.09000015258789,100543,0.0,0.0
2025-03-20 11:30:00-04:00,38.099998474121094,38.119998931884766,37.66999816894531,37.70000076293945,111860,0.0,0.0
2025-03-20 12:30:00-04:00,37.69219970703125,37.88999938964844,37.64500045776367,37.77579879760742,72239,0.0,0.0
2025-03-20 13:30:00-04:00,37.79999923706055,37.90999984741211,37.755001068115234,37.755001068115234,51546,0.0,0.0
2025-03-20 14:30:00-04:00,37.779998779296875,38.0,37.7400016784668,37.81999969482422,109274,0.0,0.0
2025-03-20 15:30:00-04:00,37.83000183105469,38.27000045776367,37.83000183105469,38.119998931884766,239553,0.0,0.0
2025-03-21 09:30:00-04:00,37.290000915527344,37.790000915527344,37.0099983215332,37.619998931884766,638600,0.0,0.0
2025-03-21 10:30:00-04:00,37.599998474121094,37.619998931884766,37.29999923706055,37.349998474121094,79783,0.0,0.0
2025-03-21 11:30:00-04:00,37.349998474121094,37.459999084472656,37.119998931884766,37.349998474121094,112799,0.0,0.0
2025-03-21 12:30:00-04:00,37.349998474121094,37.54499816894531,37.34000015258789,37.40999984741211,213160,0.0,0.0
2025-03-21 13:30:00-04:00,37.40999984741211,38.09000015258789,37.39500045776367,38.025001525878906,292080,0.0,0.0
2025-03-21 14:30:00-04:00,38.025001525878906,38.40999984741211,38.0,38.1150016784668,324246,0.0,0.0
2025-03-21 15:30:00-04:00,38.130001068115234,38.900001525878906,38.02000045776367,38.619998931884766,1629625,0.0,0.0
2025-03-24 09:30:00-04:00,39.5,40.20000076293945,38.86000061035156,39.57500076293945,520810,0.0,0.0
2025-03-24 10:30:00-04:00,39.54999923706055,40.08000183105469,39.525001525878906,39.95500183105469,186912,0.0,0.0
2025-03-24 11:30:00-04:00,39.959999084472656,39.959999084472656,39.61000061035156,39.630001068115234,218530,0.0,0.0
2025-03-24 12:30:00-04:00,39.61000061035156,39.650001525878906,39.5,39.54499816894531,255275,0.0,0.0
2025-03-24 13:30:00-04:00,39.54499816894531,39.560001373291016,39.189998626708984,39.20000076293945,202195,0.0,0.0
2025-03-24 14:30:00-04:00,39.189998626708984,40.0,39.150001525878906,39.91999816894531,301842,0.0,0.0
2025-03-24 15:30:00-04:00,39.92499923706055,39.959999084472656,39.66999816894531,39.70000076293945,389323,0.0,0.0
2025-03-25 09:30:00-04:00,39.2599983215332,39.72999954223633,39.23619842529297,39.47999954223633,142696,0.0,0.0
2025-03-25 10:30:00-04:00,39.564998626708984,39.6349983215332,39.36000061035156,39.42499923706055,98989,0.0,0.0
2025-03-25 11:30:00-04:00,39.459999084472656,39.540000915527344,39.41999816894531,39.5,94227,0.0,0.0
2025-03-25 12:30:00-04:00,39.494998931884766,39.720001220703125,38.970001220703125,38.970001220703125,118995,0.0,0.0
2025-03-25 13:30:00-04:00,38.97999954223633,39.04999923706055,38.7599983215332,38.779998779296875,222154,0.0,0.0
2025-03-25 14:30:00-04:00,38.79249954223633,38.875,38.52000045776367,38.69499969482422,370768,0.0,0.0
2025-03-25 15:30:00-04:00,38.69499969482422,39.060001373291016,38.68000030517578,39.02000045776367,526079,0.0,0.0
2025-03-26 09:30:00-04:00,38.95000076293945,39.380001068115234,38.709999084472656,38.779998779296875,110483,0.0,0.0
2025-03-26 10:30:00-04:00,38.79999923706055,38.95000076293945,38.630001068115234,38.66999816894531,104453,0.0,0.0
2025-03-26 11:30:00-04:00,38.66999816894531,38.7599983215332,38.45000076293945,38.529998779296875,69210,0.0,0.0
2025-03-26 12:30:00-04:00,38.56999969482422,38.70320129394531,38.369998931884766,38.435001373291016,138213,0.0,0.0
2025-03-26 13:30:00-04:00,38.43000030517578,38.68000030517578,38.375,38.599998474121094,182430,0.0,0.0
2025-03-26 14:30:00-04:00,38.599998474121094,38.75,38.56999969482422,38.619998931884766,202270,0.0,0.0
2025-03-26 15:30:00-04:00,38.630001068115234,39.02000045776367,38.630001068115234,38.7599983215332,432552,0.0,0.0
2025-03-27 09:30:00-04:00,38.38999938964844,38.709999084472656,37.81999969482422,38.599998474121094,368135,0.0,0.0
2025-03-27 10:30:00-04:00,38.70000076293945,38.959999084472656,38.060001373291016,38.1349983215332,400906,0.0,0.0
2025-03-27 11:30:00-04:00,38.13999938964844,38.13999938964844,37.7599983215332,37.91999816894531,217503,0.0,0.0
2025-03-27 12:30:00-04:00,37.91999816894531,38.0,37.619998931884766,37.665000915527344,217978,0.0,0.0
2025-03-27 13:30:00-04:00,37.68000030517578,37.970001220703125,37.61000061035156,37.939998626708984,148386,0.0,0.0
2025-03-27 14:30:00-04:00,37.939998626708984,38.2599983215332,37.900001525878906,38.2400016784668,244208,0.0,0.0
2025-03-27 15:30:00-04:00,38.220001220703125,38.220001220703125,37.95000076293945,38.029998779296875,540120,0.0,0.0
2025-03-28 09:30:00-04:00,37.720001220703125,37.720001220703125,37.290000915527344,37.29999923706055,160604,0.0,0.0
2025-03-28 10:30:00-04:00,37.290000915527344,37.31999969482422,36.709999084472656,36.72999954223633,122860,0.0,0.0
2025-03-28 11:30:00-04:00,36.73249816894531,36.790000915527344,36.375,36.474998474121094,112014,0.0,0.0
2025-03-28 12:30:00-04:00,36.5,36.57360076904297,36.2599983215332,36.290000915527344,152788,0.0,0.0
2025-03-28 13:30:00-04:00,36.30500030517578,36.630001068115234,36.209999084472656,36.59000015258789,159969,0.0,0.0
2025-03-28 14:30:00-04:00,36.59000015258789,36.95000076293945,36.53499984741211,36.650001525878906,220328,0.0,0.0
2025-03-28 15:30:00-04:00,36.650001525878906,36.970001220703125,36.58000183105469,36.90999984741211,389328,0.0,0.0
2025-03-31 09:30:00-04:00,36.31999969482422,36.40999984741211,35.77000045776367,35.95500183105469,218830,0.0,0.0
2025-03-31 10:30:00-04:00,35.959999084472656,38.040000915527344,35.81999969482422,36.26499938964844,2060437,0.0,0.0
2025-03-31 11:30:00-04:00,36.290000915527344,36.58000183105469,35.97010040283203,36.33000183105469,261902,0.0,0.0
2025-03-31 12:30:00-04:00,36.34000015258789,36.400001525878906,36.16120147705078,36.34000015258789,182184,0.0,0.0
2025-03-31 13:30:00-04:00,36.349998474121094,36.595001220703125,36.28499984741211,36.58000183105469,222400,0.0,0.0
2025-03-31 14:30:00-04:00,36.57500076293945,36.939998626708984,36.54999923706055,36.86000061035156,284435,0.0,0.0
2025-03-31 15:30:00-04:00,36.84000015258789,37.099998474121094,36.810001373291016,36.93000030517578,518782,0.0,0.0
2025-04-01 09:30:00-04:00,36.54999923706055,36.79050064086914,35.79999923706055,35.959999084472656,195776,0.0,0.0
2025-04-01 10:30:00-04:00,35.91999816894531,36.685001373291016,35.91999816894531,36.47999954223633,332769,0.0,0.0
2025-04-01 11:30:00-04:00,36.46500015258789,36.54999923706055,36.279998779296875,36.290000915527344,119243,0.0,0.0
2025-04-01 12:30:00-04:00,36.279998779296875,36.33000183105469,36.11000061035156,36.11000061035156,79175,0.0,0.0
2025-04-01 13:30:00-04:00,36.13999938964844,36.19499969482422,35.652000427246094,35.70000076293945,102103,0.0,0.0
2025-04-01 14:30:00-04:00,35.720001220703125,35.810001373291016,35.529998779296875,35.540000915527344,129536,0.0,0.0
2025-04-01 15:30:00-04:00,35.540000915527344,36.040000915527344,35.5099983215332,36.0,332146,0.0,0.0
2025-04-02 09:30:00-04:00,35.349998474121094,36.09000015258789,35.150001525878906,35.9900016784668,229420,0.0,0.0
2025-04-02 10:30:00-04:00,35.97999954223633,36.540000915527344,35.95000076293945,36.459999084472656,170975,0.0,0.0
2025-04-02 11:30:00-04:00,36.47999954223633,36.79999923706055,36.380001068115234,36.76499938964844,188392,0.0,0.0
2025-04-02 12:30:00-04:00,36.76499938964844,37.470001220703125,35.97999954223633,37.36000061035156,280025,0.0,0.0
2025-04-02 13:30:00-04:00,37.369998931884766,37.3849983215332,35.97999954223633,36.76499938964844,210692,0.0,0.0
2025-04-02 14:30:00-04:00,36.7599983215332,37.099998474121094,36.7599983215332,36.89500045776367,255310,0.0,0.0
2025-04-02 15:30:00-04:00,36.88999938964844,37.25,36.86000061035156,37.16999816894531,409379,0.0,0.0
2025-04-03 09:30:00-04:00,35.560001373291016,35.9900016784668,35.119998931884766,35.79999923706055,736336,0.0,0.0
2025-04-03 10:30:00-04:00,35.810001373291016,35.88999938964844,35.27000045776367,35.474998474121094,574974,0.0,0.0
2025-04-03 11:30:00-04:00,35.459999084472656,35.810001373291016,35.439998626708984,35.72999954223633,548301,0.0,0.0
2025-04-03 12:30:00-04:00,35.72999954223633,35.75,35.216800689697266,35.529998779296875,464080,0.0,0.0
2025-04-03 13:30:00-04:00,35.529998779296875,35.7599983215332,34.70000076293945,34.775001525878906,445501,0.0,0.0
2025-04-03 14:30:00-04:00,34.790000915527344,35.130001068115234,34.5099983215332,34.70000076293945,304052,0.0,0.0
2025-04-03 15:30:00-04:00,34.70500183105469,34.78499984741211,34.310001373291016,34.33000183105469,681216,0.0,0.0
2025-04-04 09:30:00-04:00,33.29999923706055,33.68000030517578,32.31999969482422,32.380001068115234,328625,0.0,0.0
2025-04-04 10:30:00-04:00,32.3650016784668,33.41999816894531,31.96500015258789,32.915000915527344,443667,0.0,0.0
2025-04-04 11:30:00-04:00,32.88999938964844,32.959999084472656,32.0,32.04999923706055,227181,0.0,0.0
2025-04-04 12:30:00-04:00,32.06999969482422,32.18000030517578,31.729999542236328,31.850000381469727,117605,0.0,0.0
2025-04-04 13:30:00-04:00,31.889999389648438,32.2599983215332,31.690000534057617,31.8799991607666,143414,0.0,0.0
2025-04-04 14:30:00-04:00,31.90999984741211,32.209999084472656,31.81999969482422,32.14500045776367,220163,0.0,0.0
2025-04-04 15:30:00-04:00,32.1349983215332,32.290000915527344,31.5,31.51099967956543,594155,0.0,0.0
2025-04-07 09:30:00-04:00,30.458999633789062,34.52000045776367,30.030000686645508,32.68000030517578,1138466,0.0,0.0
2025-04-07 10:30:00-04:00,32.779998779296875,33.525001525878906,31.760000228881836,31.80500030517578,365558,0.0,0.0
2025-04-07 11:30:00-04:00,31.81999969482422,32.73500061035156,31.770000457763672,32.18000030517578,286623,0.0,0.0
2025-04-07 12:30:00-04:00,32.150001525878906,32.85499954223633,31.700000762939453,32.81999969482422,386450,0.0,0.0
2025-04-07 13:30:00-04:00,32.81999969482422,33.31999969482422,32.53850173950195,32.839500427246094,386947,0.0,0.0
2025-04-07 14:30:00-04:00,32.779998779296875,33.119998931884766,32.25199890136719,32.2599983215332,333106,0.0,0.0
2025-04-07 15:30:00-04:00,32.2599983215332,32.68000030517578,31.989999771118164,32.209999084472656,640683,0.0,0.0
