Datetime,Open,High,Low,Close,Volume,Dividends,Stock Splits
2025-03-03 09:30:00-05:00,164.9600067138672,167.17999267578125,164.83999633789062,166.49000549316406,1602331,0.0,0.0
2025-03-03 10:30:00-05:00,166.48500061035156,166.77999877929688,166.1999969482422,166.57000732421875,911470,0.0,0.0
2025-03-03 11:30:00-05:00,166.55999755859375,166.82000732421875,166.42999267578125,166.5906982421875,592758,0.0,0.0
2025-03-03 12:30:00-05:00,166.60499572753906,166.6699981689453,166.24000549316406,166.4600067138672,693937,0.0,0.0
2025-03-03 13:30:00-05:00,166.4499969482422,166.52000427246094,165.9499969482422,166.1699981689453,760625,0.0,0.0
2025-03-03 14:30:00-05:00,166.19000244140625,166.97999572753906,166.18499755859375,166.60499572753906,1159436,0.0,0.0
2025-03-03 15:30:00-05:00,166.6199951171875,167.3300018310547,166.35000610351562,167.3000030517578,1489146,0.0,0.0
2025-03-04 09:30:00-05:00,168.0800018310547,169.99000549316406,167.8800048828125,169.73500061035156,3062650,0.0,0.0
2025-03-04 10:30:00-05:00,169.77999877929688,169.8699951171875,167.8800048828125,168.3800048828125,1447807,0.0,0.0
2025-03-04 11:30:00-05:00,168.42999267578125,168.4499969482422,166.75999450683594,166.97000122070312,929038,0.0,0.0
2025-03-04 12:30:00-05:00,166.97000122070312,167.27999877929688,166.0500030517578,166.41000366210938,790350,0.0,0.0
2025-03-04 13:30:00-05:00,166.4355010986328,166.63999938964844,165.74000549316406,165.88999938964844,829256,0.0,0.0
2025-03-04 14:30:00-05:00,165.875,166.6649932861328,165.8300018310547,166.1300048828125,1086580,0.0,0.0
2025-03-04 15:30:00-05:00,166.1300048828125,166.36000061035156,165.32000732421875,165.4600067138672,1583070,0.0,0.0
2025-03-05 09:30:00-05:00,164.50999450683594,166.46180725097656,164.05999755859375,164.13999938964844,1486360,0.0,0.0
2025-03-05 10:30:00-05:00,164.1300048828125,164.6699981689453,163.52999877929688,164.66000366210938,1510417,0.0,0.0
2025-03-05 11:30:00-05:00,164.63999938964844,165.4499969482422,164.50999450683594,165.41290283203125,862650,0.0,0.0
2025-03-05 12:30:00-05:00,165.38999938964844,165.55999755859375,164.5800018310547,164.8300018310547,575359,0.0,0.0
2025-03-05 13:30:00-05:00,164.8300018310547,165.3800048828125,164.66000366210938,165.25,526465,0.0,0.0
2025-03-05 14:30:00-05:00,165.27999877929688,165.4199981689453,164.9550018310547,165.1199951171875,642558,0.0,0.0
2025-03-05 15:30:00-05:00,165.13999938964844,165.34429931640625,164.77000427246094,165.1199951171875,1009803,0.0,0.0
2025-03-06 09:30:00-05:00,165.0,165.6999969482422,163.50999450683594,163.76499938964844,1333494,0.0,0.0
2025-03-06 10:30:00-05:00,163.80999755859375,165.02999877929688,163.74000549316406,164.71499633789062,973681,0.0,0.0
2025-03-06 11:30:00-05:00,164.72000122070312,164.9600067138672,164.02999877929688,164.60000610351562,610241,0.0,0.0
2025-03-06 12:30:00-05:00,164.58999633789062,165.08999633789062,164.44000244140625,164.6999969482422,542033,0.0,0.0
2025-03-06 13:30:00-05:00,164.69500732421875,165.22999572753906,164.60499572753906,165.10499572753906,604556,0.0,0.0
2025-03-06 14:30:00-05:00,165.08999633789062,165.85499572753906,164.92759704589844,165.85000610351562,1021174,0.0,0.0
2025-03-06 15:30:00-05:00,165.86959838867188,165.8699951171875,165.42999267578125,165.82000732421875,1160343,0.0,0.0
2025-03-07 09:30:00-05:00,165.1300048828125,167.57000732421875,164.6999969482422,167.44000244140625,1248731,0.0,0.0
2025-03-07 10:30:00-05:00,167.4600067138672,167.77999877929688,167.10560607910156,167.69500732421875,873267,0.0,0.0
2025-03-07 11:30:00-05:00,167.64999389648438,168.4600067138672,167.60499572753906,167.86000061035156,1010742,0.0,0.0
2025-03-07 12:30:00-05:00,167.8800048828125,168.25,167.66029357910156,167.74000549316406,641591,0.0,0.0
2025-03-07 13:30:00-05:00,167.72999572753906,167.72999572753906,167.14999389648438,167.24000549316406,958273,0.0,0.0
2025-03-07 14:30:00-05:00,167.24000549316406,167.49000549316406,166.9199981689453,167.2050018310547,1140319,0.0,0.0
2025-03-07 15:30:00-05:00,167.22000122070312,167.25999450683594,166.6199951171875,166.67999267578125,1284053,0.0,0.0
2025-03-10 09:30:00-04:00,167.47999572753906,169.89999389648438,167.0500030517578,168.5850067138672,3213887,0.0,0.0
2025-03-10 10:30:00-04:00,168.5500030517578,169.5,168.25,168.9149932861328,1844965,0.0,0.0
2025-03-10 11:30:00-04:00,168.91000366210938,169.3350067138672,168.33999633789062,168.7899932861328,1413383,0.0,0.0
2025-03-10 12:30:00-04:00,168.7899932861328,169.44000244140625,168.72000122070312,168.91000366210938,1463202,0.0,0.0
2025-03-10 13:30:00-04:00,168.91000366210938,169.31500244140625,168.6999969482422,168.80499267578125,2128181,0.0,0.0
2025-03-10 14:30:00-04:00,168.80499267578125,168.80499267578125,167.4149932861328,167.5399932861328,2230856,0.0,0.0
2025-03-10 15:30:00-04:00,167.55999755859375,168.22999572753906,167.1699981689453,167.7100067138672,2123605,0.0,0.0
2025-03-11 09:30:00-04:00,167.1999969482422,167.3000030517578,165.05999755859375,166.58999633789062,1914181,0.0,0.0
2025-03-11 10:30:00-04:00,166.5500030517578,166.7100067138672,165.3300018310547,165.43499755859375,888412,0.0,0.0
2025-03-11 11:30:00-04:00,165.4199981689453,165.99000549316406,165.05999755859375,165.46499633789062,791018,0.0,0.0
2025-03-11 12:30:00-04:00,165.47500610351562,165.64999389648438,165.0500030517578,165.6199951171875,675586,0.0,0.0
2025-03-11 13:30:00-04:00,165.6199951171875,165.72999572753906,165.3300018310547,165.61500549316406,739883,0.0,0.0
2025-03-11 14:30:00-04:00,165.61000061035156,166.49000549316406,165.42999267578125,166.07000732421875,1102342,0.0,0.0
2025-03-11 15:30:00-04:00,166.0601043701172,166.3990020751953,165.63999938964844,165.8300018310547,1281982,0.0,0.0
2025-03-12 09:30:00-04:00,163.72999572753906,164.2100067138672,162.75,163.1300048828125,1548688,0.0,0.0
2025-03-12 10:30:00-04:00,163.1199951171875,163.2899932861328,162.22999572753906,162.8000030517578,1083045,0.0,0.0
2025-03-12 11:30:00-04:00,162.8300018310547,163.24000549316406,162.55499267578125,163.0399932861328,731665,0.0,0.0
2025-03-12 12:30:00-04:00,163.05999755859375,163.25,162.6300048828125,162.96499633789062,553885,0.0,0.0
2025-03-12 13:30:00-04:00,162.94000244140625,163.16000366210938,162.77000427246094,162.9199981689453,569885,0.0,0.0
2025-03-12 14:30:00-04:00,162.9499969482422,163.1999969482422,162.5500030517578,162.7050018310547,649218,0.0,0.0
2025-03-12 15:30:00-04:00,162.69000244140625,163.44000244140625,162.64999389648438,162.83999633789062,1210567,0.0,0.0
2025-03-13 09:30:00-04:00,163.42999267578125,164.5399932861328,162.72000122070312,163.49000549316406,789820,0.0,0.0
2025-03-13 10:30:00-04:00,163.49000549316406,164.0,163.08999633789062,163.27000427246094,552475,0.0,0.0
2025-03-13 11:30:00-04:00,163.27000427246094,163.55999755859375,162.83999633789062,162.83999633789062,469233,0.0,0.0
2025-03-13 12:30:00-04:00,162.83999633789062,163.47000122070312,162.8000030517578,163.16000366210938,514609,0.0,0.0
2025-03-13 13:30:00-04:00,163.16000366210938,163.22999572753906,162.83999633789062,163.02499389648438,480662,0.0,0.0
2025-03-13 14:30:00-04:00,163.0500030517578,163.25,162.8000030517578,162.8000030517578,537909,0.0,0.0
2025-03-13 15:30:00-04:00,162.8000030517578,163.3300018310547,162.66009521484375,163.01499938964844,829000,0.0,0.0
2025-03-14 09:30:00-04:00,162.1199951171875,162.83999633789062,161.10000610351562,162.1999969482422,1177432,0.0,0.0
2025-03-14 10:30:00-04:00,162.1999969482422,162.3000030517578,161.59500122070312,162.0800018310547,647580,0.0,0.0
2025-03-14 11:30:00-04:00,162.07000732421875,162.6300048828125,161.86000061035156,162.27000427246094,488904,0.0,0.0
2025-03-14 12:30:00-04:00,162.30999755859375,162.91000366210938,162.25999450683594,162.64999389648438,465413,0.0,0.0
2025-03-14 13:30:00-04:00,162.64999389648438,162.9199981689453,162.50999450683594,162.63999938964844,391274,0.0,0.0
2025-03-14 14:30:00-04:00,162.64999389648438,162.97500610351562,162.5800018310547,162.59429931640625,574353,0.0,0.0
2025-03-14 15:30:00-04:00,162.6199951171875,163.14999389648438,162.49000549316406,162.77999877929688,950260,0.0,0.0
2025-03-17 09:30:00-04:00,162.41000366210938,163.5,161.72999572753906,163.22999572753906,997733,0.0,0.0
2025-03-17 10:30:00-04:00,163.22000122070312,163.2899932861328,162.65499877929688,162.7100067138672,629320,0.0,0.0
2025-03-17 11:30:00-04:00,162.69000244140625,163.1699981689453,162.47999572753906,163.07150268554688,505342,0.0,0.0
2025-03-17 12:30:00-04:00,163.07000732421875,163.3249969482422,162.8800048828125,163.02999877929688,521551,0.0,0.0
2025-03-17 13:30:00-04:00,163.00999450683594,163.5,162.9550018310547,163.11000061035156,489580,0.0,0.0
2025-03-17 14:30:00-04:00,163.10499572753906,163.3040008544922,162.7050018310547,162.89999389648438,613594,0.0,0.0
2025-03-17 15:30:00-04:00,162.89999389648438,163.0749969482422,162.72000122070312,162.86000061035156,873163,0.0,0.0
2025-03-18 09:30:00-04:00,163.44000244140625,164.57620239257812,162.96499633789062,164.36000061035156,1329858,0.0,0.0
2025-03-18 10:30:00-04:00,164.36500549316406,164.86000061035156,164.02000427246094,164.16000366210938,871262,0.0,0.0
2025-03-18 11:30:00-04:00,164.16000366210938,164.32000732421875,163.86000061035156,164.0,573984,0.0,0.0
2025-03-18 12:30:00-04:00,163.99000549316406,164.0,163.44000244140625,163.68499755859375,512166,0.0,0.0
2025-03-18 13:30:00-04:00,163.69500732421875,164.1199951171875,163.69000244140625,164.00999450683594,476278,0.0,0.0
2025-03-18 14:30:00-04:00,164.00999450683594,164.375,163.6999969482422,164.16000366210938,686940,0.0,0.0
2025-03-18 15:30:00-04:00,164.1649932861328,164.5399932861328,164.09030151367188,164.35000610351562,779597,0.0,0.0
2025-03-19 09:30:00-04:00,163.97000122070312,164.36000061035156,163.09730529785156,163.3000030517578,715397,0.0,0.0
2025-03-19 10:30:00-04:00,163.30999755859375,163.47999572753906,162.66000366210938,162.9250030517578,362417,0.0,0.0
2025-03-19 11:30:00-04:00,162.93499755859375,163.24000549316406,162.83999633789062,163.0850067138672,472631,0.0,0.0
2025-03-19 12:30:00-04:00,163.0850067138672,163.110595703125,162.52999877929688,162.5449981689453,338811,0.0,0.0
2025-03-19 13:30:00-04:00,162.5500030517578,162.66000366210938,162.24000549316406,162.3101043701172,477758,0.0,0.0
2025-03-19 14:30:00-04:00,162.3000030517578,163.1999969482422,162.2100067138672,163.1999969482422,816648,0.0,0.0
2025-03-19 15:30:00-04:00,163.22000122070312,163.33999633789062,162.8300018310547,163.0,879714,0.0,0.0
2025-03-20 09:30:00-04:00,163.0,163.1999969482422,162.25,163.0399932861328,981865,0.0,0.0
2025-03-20 10:30:00-04:00,163.0500030517578,163.15499877929688,161.93499755859375,161.97999572753906,837610,0.0,0.0
2025-03-20 11:30:00-04:00,162.00999450683594,162.82000732421875,161.9250030517578,162.72000122070312,582021,0.0,0.0
2025-03-20 12:30:00-04:00,162.72999572753906,163.02000427246094,162.5800018310547,162.7050018310547,535799,0.0,0.0
2025-03-20 13:30:00-04:00,162.71170043945312,162.97000122070312,162.4199981689453,162.6199951171875,492882,0.0,0.0
2025-03-20 14:30:00-04:00,162.61500549316406,162.97000122070312,162.38999938964844,162.7949981689453,717614,0.0,0.0
2025-03-20 15:30:00-04:00,162.8000030517578,163.10000610351562,162.67999267578125,163.02000427246094,884630,0.0,0.0
2025-03-21 09:30:00-04:00,163.0,164.1300048828125,162.47999572753906,162.88499450683594,3182343,0.0,0.0
2025-03-21 10:30:00-04:00,162.8699951171875,163.8800048828125,162.77999877929688,163.6300048828125,694643,0.0,0.0
2025-03-21 11:30:00-04:00,163.63499450683594,163.63499450683594,163.22000122070312,163.3800048828125,444879,0.0,0.0
2025-03-21 12:30:00-04:00,163.36000061035156,163.63999938964844,163.2050018310547,163.22000122070312,409846,0.0,0.0
2025-03-21 13:30:00-04:00,163.1999969482422,163.5500030517578,162.85000610351562,162.8800048828125,427681,0.0,0.0
2025-03-21 14:30:00-04:00,162.91000366210938,163.10499572753906,162.85000610351562,163.0,795477,0.0,0.0
2025-03-21 15:30:00-04:00,163.0050048828125,163.66000366210938,162.67999267578125,163.5399932861328,1246127,0.0,0.0
2025-03-24 09:30:00-04:00,162.83999633789062,164.38999938964844,162.5,163.75999450683594,1020657,0.0,0.0
2025-03-24 10:30:00-04:00,163.7550048828125,163.83999633789062,163.33999633789062,163.49000549316406,647798,0.0,0.0
2025-03-24 11:30:00-04:00,163.47390747070312,164.07000732421875,163.47390747070312,163.58140563964844,1082675,0.0,0.0
2025-03-24 12:30:00-04:00,163.60000610351562,163.6300048828125,163.05999755859375,163.17709350585938,643562,0.0,0.0
2025-03-24 13:30:00-04:00,163.17999267578125,163.4499969482422,162.8000030517578,162.875,551205,0.0,0.0
2025-03-24 14:30:00-04:00,162.8800048828125,163.35000610351562,162.78500366210938,163.31500244140625,585534,0.0,0.0
2025-03-24 15:30:00-04:00,163.3300018310547,163.5500030517578,163.14999389648438,163.22999572753906,778794,0.0,0.0
2025-03-25 09:30:00-04:00,163.52000427246094,164.16000366210938,162.85000610351562,164.0,794804,0.0,0.0
2025-03-25 10:30:00-04:00,164.0050048828125,164.19000244140625,163.2899932861328,163.35000610351562,599149,0.0,0.0
2025-03-25 11:30:00-04:00,163.35000610351562,163.35499572753906,162.32000732421875,162.5500030517578,413234,0.0,0.0
2025-03-25 12:30:00-04:00,162.5399932861328,162.5800018310547,161.50999450683594,161.74000549316406,643581,0.0,0.0
2025-03-25 13:30:00-04:00,161.72999572753906,161.77999877929688,161.3300018310547,161.4600067138672,545095,0.0,0.0
2025-03-25 14:30:00-04:00,161.47000122070312,161.5749969482422,160.72000122070312,160.8000030517578,664112,0.0,0.0
2025-03-25 15:30:00-04:00,160.82000732421875,161.2899932861328,160.55499267578125,161.02999877929688,1108682,0.0,0.0
2025-03-26 09:30:00-04:00,161.2100067138672,162.32000732421875,160.63999938964844,162.13999938964844,1215841,0.0,0.0
2025-03-26 10:30:00-04:00,162.11000061035156,162.49000549316406,161.41000366210938,161.42999267578125,557737,0.0,0.0
2025-03-26 11:30:00-04:00,161.39999389648438,162.0500030517578,161.13999938964844,161.8300018310547,601588,0.0,0.0
2025-03-26 12:30:00-04:00,161.82000732421875,162.13999938964844,161.6300048828125,161.88999938964844,373840,0.0,0.0
2025-03-26 13:30:00-04:00,161.8699951171875,162.1300048828125,161.55999755859375,162.05999755859375,524629,0.0,0.0
2025-03-26 14:30:00-04:00,162.05999755859375,162.16000366210938,161.5500030517578,161.75,581493,0.0,0.0
2025-03-26 15:30:00-04:00,161.77000427246094,162.02499389648438,161.61000061035156,161.72000122070312,1428267,0.0,0.0
2025-03-27 09:30:00-04:00,162.35000610351562,163.69000244140625,161.32000732421875,163.1999969482422,1226234,0.0,0.0
2025-03-27 10:30:00-04:00,163.1699981689453,163.92999267578125,163.10000610351562,163.81500244140625,657606,0.0,0.0
2025-03-27 11:30:00-04:00,163.80499267578125,164.06500244140625,163.44000244140625,163.49000549316406,638378,0.0,0.0
2025-03-27 12:30:00-04:00,163.47000122070312,163.50999450683594,162.94000244140625,162.9600067138672,294174,0.0,0.0
2025-03-27 13:30:00-04:00,162.97000122070312,163.25999450683594,162.7899932861328,163.17250061035156,733361,0.0,0.0
2025-03-27 14:30:00-04:00,163.1699981689453,163.52000427246094,163.0399932861328,163.50999450683594,666444,0.0,0.0
2025-03-27 15:30:00-04:00,163.50999450683594,163.6699981689453,163.07000732421875,163.1199951171875,738623,0.0,0.0
2025-03-28 09:30:00-04:00,163.58999633789062,164.1199951171875,162.91000366210938,164.05499267578125,1019154,0.0,0.0
2025-03-28 10:30:00-04:00,164.0500030517578,164.5,163.6999969482422,164.27000427246094,788746,0.0,0.0
2025-03-28 11:30:00-04:00,164.29969787597656,164.30450439453125,164.02000427246094,164.05999755859375,358878,0.0,0.0
2025-03-28 12:30:00-04:00,164.0800018310547,164.3343963623047,163.8343963623047,164.27999877929688,439804,0.0,0.0
2025-03-28 13:30:00-04:00,164.30999755859375,164.52000427246094,163.63999938964844,163.6699981689453,537253,0.0,0.0
2025-03-28 14:30:00-04:00,163.67799377441406,164.0,163.6300048828125,163.84500122070312,485632,0.0,0.0
2025-03-28 15:30:00-04:00,163.84500122070312,164.1649932861328,163.55999755859375,163.6699981689453,954687,0.0,0.0
2025-03-31 09:30:00-04:00,164.3699951171875,166.3881072998047,164.22999572753906,166.08999633789062,1668976,0.0,0.0
2025-03-31 10:30:00-04:00,166.05999755859375,166.38999938964844,165.83999633789062,166.0,870343,0.0,0.0
2025-03-31 11:30:00-04:00,166.00999450683594,166.17999267578125,165.60000610351562,165.60000610351562,778919,0.0,0.0
2025-03-31 12:30:00-04:00,165.61500549316406,165.80499267578125,165.33999633789062,165.50999450683594,611735,0.0,0.0
2025-03-31 13:30:00-04:00,165.51499938964844,165.80999755859375,165.27000427246094,165.8000030517578,641132,0.0,0.0
2025-03-31 14:30:00-04:00,165.7949981689453,166.1699981689453,165.55999755859375,165.93499755859375,1418838,0.0,0.0
2025-03-31 15:30:00-04:00,165.9499969482422,166.6300048828125,165.47000122070312,165.88999938964844,1818996,0.0,0.0
2025-04-01 09:30:00-04:00,160.72999572753906,161.80999755859375,156.5500030517578,157.99000549316406,5550933,0.0,0.0
2025-04-01 10:30:00-04:00,157.97999572753906,158.33999633789062,157.36000061035156,157.72000122070312,1487342,0.0,0.0
2025-04-01 11:30:00-04:00,157.72500610351562,157.85000610351562,156.8000030517578,156.80999755859375,1089212,0.0,0.0
2025-04-01 12:30:00-04:00,156.80999755859375,156.8800048828125,155.42999267578125,155.77000427246094,1533463,0.0,0.0
2025-04-01 13:30:00-04:00,155.77000427246094,155.97000122070312,155.10000610351562,155.13999938964844,1285423,0.0,0.0
2025-04-01 14:30:00-04:00,155.1300048828125,155.14500427246094,154.0500030517578,154.31500244140625,2356980,0.0,0.0
2025-04-01 15:30:00-04:00,154.31500244140625,154.4095001220703,153.1300048828125,153.24000549316406,3148159,0.0,0.0
2025-04-02 09:30:00-04:00,154.01499938964844,155.3800048828125,153.45010375976562,154.8249969482422,2357034,0.0,0.0
2025-04-02 10:30:00-04:00,154.85000610351562,155.5399932861328,154.60000610351562,155.52999877929688,1150824,0.0,0.0
2025-04-02 11:30:00-04:00,155.52999877929688,155.7899932861328,154.3300018310547,154.35000610351562,722444,0.0,0.0
2025-04-02 12:30:00-04:00,154.3300018310547,155.07000732421875,154.10000610351562,154.9600067138672,746440,0.0,0.0
2025-04-02 13:30:00-04:00,154.9600067138672,155.27999877929688,154.57000732421875,154.5800018310547,677470,0.0,0.0
2025-04-02 14:30:00-04:00,154.61000061035156,155.07000732421875,154.47000122070312,154.9250030517578,951195,0.0,0.0
2025-04-02 15:30:00-04:00,154.92999267578125,155.60000610351562,154.74000549316406,155.34500122070312,1763170,0.0,0.0
2025-04-03 09:30:00-04:00,158.75,159.9600067138672,157.47999572753906,158.2899932861328,2941841,0.0,0.0
2025-04-03 10:30:00-04:00,158.27999877929688,160.3300018310547,158.17999267578125,160.0800018310547,2127497,0.0,0.0
2025-04-03 11:30:00-04:00,160.10000610351562,160.3800048828125,159.58999633789062,159.90499877929688,1229831,0.0,0.0
2025-04-03 12:30:00-04:00,159.89999389648438,159.89999389648438,159.17999267578125,159.39999389648438,802589,0.0,0.0
2025-04-03 13:30:00-04:00,159.38999938964844,160.63999938964844,159.38999938964844,160.3699951171875,1123128,0.0,0.0
2025-04-03 14:30:00-04:00,160.36500549316406,160.64500427246094,159.75999450683594,160.4250030517578,1193601,0.0,0.0
2025-04-03 15:30:00-04:00,160.4250030517578,160.5800018310547,159.77000427246094,159.85000610351562,1771404,0.0,0.0
2025-04-04 09:30:00-04:00,159.15499877929688,159.82000732421875,157.61000061035156,158.30999755859375,2642280,0.0,0.0
2025-04-04 10:30:00-04:00,158.30999755859375,159.17999267578125,155.8446044921875,156.0800018310547,1883097,0.0,0.0
2025-04-04 11:30:00-04:00,156.10000610351562,156.72999572753906,154.9199981689453,155.24000549316406,1676663,0.0,0.0
2025-04-04 12:30:00-04:00,155.2342071533203,155.8699951171875,154.4499969482422,155.4600067138672,978484,0.0,0.0
2025-04-04 13:30:00-04:00,155.44000244140625,156.02999877929688,153.6300048828125,153.9600067138672,1070618,0.0,0.0
2025-04-04 14:30:00-04:00,153.9499969482422,154.6699981689453,153.4687957763672,153.889404296875,1386237,0.0,0.0
2025-04-04 15:30:00-04:00,153.85000610351562,154.42999267578125,152.92999267578125,153.2100067138672,2134257,0.0,0.0
2025-04-07 09:30:00-04:00,151.27999877929688,152.7100067138672,147.39999389648438,148.85000610351562,4700343,0.0,0.0
2025-04-07 10:30:00-04:00,148.91000366210938,150.1300048828125,147.60000610351562,147.6199951171875,2493610,0.0,0.0
2025-04-07 11:30:00-04:00,147.64500427246094,149.39500427246094,147.64500427246094,148.60499572753906,1541953,0.0,0.0
2025-04-07 12:30:00-04:00,148.57000732421875,150.13999938964844,148.1699981689453,150.02999877929688,1397625,0.0,0.0
2025-04-07 13:30:00-04:00,150.10000610351562,151.4499969482422,149.58999633789062,150.92999267578125,1549751,0.0,0.0
2025-04-07 14:30:00-04:00,150.9824981689453,151.14999389648438,150.2949981689453,150.40499877929688,1433714,0.0,0.0
2025-04-07 15:30:00-04:00,150.39999389648438,150.97999572753906,150.0800018310547,150.60000610351562,1954396,0.0,0.0
