Datetime,Open,High,Low,Close,Volume,Dividends,Stock Splits
2025-03-03 09:30:00-05:00,673.7949829101562,681.25,662.6799926757812,672.5499877929688,2921719,0.0,0.0
2025-03-03 10:30:00-05:00,672.4299926757812,673.5518798828125,666.0,668.155029296875,999694,0.0,0.0
2025-03-03 11:30:00-05:00,668.1649780273438,670.3798828125,666.1900024414062,669.2000122070312,697662,0.0,0.0
2025-03-03 12:30:00-05:00,669.5,670.6500244140625,660.9000244140625,661.6199951171875,784696,0.0,0.0
2025-03-03 13:30:00-05:00,661.510009765625,665.8563232421875,660.1660766601562,664.1099853515625,802087,0.0,0.0
2025-03-03 14:30:00-05:00,663.8599853515625,667.0599975585938,652.5499877929688,653.1199951171875,1370277,0.0,0.0
2025-03-03 15:30:00-05:00,652.9450073242188,655.1799926757812,650.8438720703125,655.0900268554688,1407350,0.0,0.0
2025-03-04 09:30:00-05:00,644.0,647.989990234375,625.969970703125,628.0380249023438,6196655,0.0,0.0
2025-03-04 10:30:00-05:00,627.72998046875,632.4998779296875,623.6599731445312,625.0999755859375,3126912,0.0,0.0
2025-03-04 11:30:00-05:00,625.0999755859375,634.5999145507812,624.6884155273438,633.969970703125,2560485,0.0,0.0
2025-03-04 12:30:00-05:00,633.9400024414062,638.167724609375,628.8300170898438,632.3049926757812,2036523,0.0,0.0
2025-03-04 13:30:00-05:00,632.1300048828125,644.9199829101562,631.5499877929688,641.9249877929688,1883468,0.0,0.0
2025-03-04 14:30:00-05:00,642.094970703125,649.7432861328125,639.8400268554688,647.6779174804688,1770511,0.0,0.0
2025-03-04 15:30:00-05:00,647.9450073242188,648.2199096679688,635.72998046875,639.5800170898438,1885797,0.0,0.0
2025-03-05 09:30:00-05:00,641.4500122070312,649.2686157226562,638.0499877929688,641.5,3530870,0.0,0.0
2025-03-05 10:30:00-05:00,641.4874877929688,646.3516235351562,638.5,641.3800048828125,1256153,0.0,0.0
2025-03-05 11:30:00-05:00,641.1649780273438,647.8800048828125,637.6849975585938,647.7999877929688,1149888,0.0,0.0
2025-03-05 12:30:00-05:00,647.8900146484375,652.8699951171875,645.7000122070312,650.159912109375,1717367,0.0,0.0
2025-03-05 13:30:00-05:00,649.9400024414062,657.9400024414062,647.9052734375,655.9990234375,1563012,0.0,0.0
2025-03-05 14:30:00-05:00,656.2999877929688,659.5,654.2000122070312,657.2999877929688,1296670,0.0,0.0
2025-03-05 15:30:00-05:00,657.2000122070312,658.47998046875,654.3099975585938,656.2999877929688,1132052,0.0,0.0
2025-03-06 09:30:00-05:00,647.780029296875,650.5625,642.1099853515625,648.4400024414062,2848015,0.0,0.0
2025-03-06 10:30:00-05:00,648.2000122070312,650.4500122070312,643.8200073242188,646.5499877929688,1145278,0.0,0.0
2025-03-06 11:30:00-05:00,646.3800048828125,648.7899780273438,631.2700805664062,632.5499267578125,1721902,0.0,0.0
2025-03-06 12:30:00-05:00,632.5,634.9500122070312,630.5800170898438,631.9349975585938,1359577,0.0,0.0
2025-03-06 13:30:00-05:00,631.8800048828125,632.2100219726562,624.5,625.719970703125,1525985,0.0,0.0
2025-03-06 14:30:00-05:00,625.47607421875,631.989990234375,624.1099853515625,627.7050170898438,2032960,0.0,0.0
2025-03-06 15:30:00-05:00,627.6799926757812,628.9398803710938,625.4849853515625,627.9400024414062,1368563,0.0,0.0
2025-03-07 09:30:00-05:00,625.3400268554688,634.7899169921875,620.1599731445312,620.5,3768380,0.0,0.0
2025-03-07 10:30:00-05:00,620.3099975585938,620.4149780273438,606.530029296875,607.094970703125,4145861,0.0,0.0
2025-03-07 11:30:00-05:00,607.2899780273438,607.7000122070312,600.6099853515625,606.4149780273438,3624811,0.0,0.0
2025-03-07 12:30:00-05:00,606.1799926757812,618.7899780273438,605.218994140625,615.52001953125,2435151,0.0,0.0
2025-03-07 13:30:00-05:00,615.5750122070312,628.22998046875,615.1199951171875,626.8599853515625,2075332,0.0,0.0
2025-03-07 14:30:00-05:00,627.02001953125,627.35498046875,621.5999755859375,624.1425170898438,1616781,0.0,0.0
2025-03-07 15:30:00-05:00,623.97998046875,627.6500244140625,621.010009765625,625.3499755859375,1851617,0.0,0.0
2025-03-10 09:30:00-04:00,608.0700073242188,610.1058959960938,598.1099853515625,599.5700073242188,4334166,0.0,0.0
2025-03-10 10:30:00-04:00,599.7999877929688,599.7999877929688,586.8701171875,594.9000244140625,4407496,0.0,0.0
2025-03-10 11:30:00-04:00,594.9000244140625,600.7150268554688,592.5499877929688,595.1973876953125,2631312,0.0,0.0
2025-03-10 12:30:00-04:00,595.5,598.0130004882812,590.52001953125,594.739990234375,1840491,0.0,0.0
2025-03-10 13:30:00-04:00,594.7899780273438,594.9000244140625,589.75,592.25,1861391,0.0,0.0
2025-03-10 14:30:00-04:00,592.6799926757812,599.1900024414062,589.7301025390625,597.1929931640625,2059510,0.0,0.0
2025-03-10 15:30:00-04:00,597.2775268554688,601.27001953125,594.340087890625,598.1199951171875,2242709,0.0,0.0
2025-03-11 09:30:00-04:00,594.6599731445312,613.4299926757812,594.6580200195312,600.7877807617188,5281574,0.0,0.0
2025-03-11 10:30:00-04:00,600.6199951171875,607.6309814453125,599.010009765625,604.469970703125,2384124,0.0,0.0
2025-03-11 11:30:00-04:00,604.7100219726562,610.2000122070312,602.7000122070312,606.3499755859375,1243956,0.0,0.0
2025-03-11 12:30:00-04:00,606.4600219726562,607.72998046875,596.2000122070312,596.2000122070312,1404731,0.0,0.0
2025-03-11 13:30:00-04:00,596.030029296875,608.2650146484375,595.5599975585938,606.6099853515625,1316271,0.0,0.0
2025-03-11 14:30:00-04:00,606.6099853515625,614.9340209960938,605.0,609.27001953125,2272148,0.0,0.0
2025-03-11 15:30:00-04:00,609.27001953125,610.93359375,604.719970703125,605.4199829101562,1054003,0.0,0.0
2025-03-12 09:30:00-04:00,629.1599731445312,633.3300170898438,620.5733032226562,623.6099853515625,5854545,0.0,0.0
2025-03-12 10:30:00-04:00,623.4299926757812,623.8300170898438,609.52001953125,615.1599731445312,2285777,0.0,0.0
2025-03-12 11:30:00-04:00,615.3200073242188,622.7999877929688,613.97998046875,621.6799926757812,1560981,0.0,0.0
2025-03-12 12:30:00-04:00,621.989990234375,624.4498291015625,618.8884887695312,621.9199829101562,1334110,0.0,0.0
2025-03-12 13:30:00-04:00,622.010009765625,622.6699829101562,614.6699829101562,619.77001953125,1051310,0.0,0.0
2025-03-12 14:30:00-04:00,619.760009765625,622.7000122070312,619.02001953125,621.5399780273438,1071919,0.0,0.0
2025-03-12 15:30:00-04:00,621.6599731445312,622.5,618.2999877929688,619.3400268554688,1030804,0.0,0.0
2025-03-13 09:30:00-04:00,620.2449951171875,620.5,596.0399780273438,603.625,3972874,0.0,0.0
2025-03-13 10:30:00-04:00,603.6099853515625,605.4598999023438,595.0999755859375,595.97998046875,1978171,0.0,0.0
2025-03-13 11:30:00-04:00,595.7000122070312,598.4345703125,592.5700073242188,595.0,1747294,0.0,0.0
2025-03-13 12:30:00-04:00,594.7999877929688,597.9000244140625,588.6801147460938,590.5,1891027,0.0,0.0
2025-03-13 13:30:00-04:00,590.3599853515625,594.3200073242188,586.510009765625,594.0700073242188,2019815,0.0,0.0
2025-03-13 14:30:00-04:00,594.1569213867188,598.3779907226562,591.7899780273438,592.489990234375,1639012,0.0,0.0
2025-03-13 15:30:00-04:00,592.5900268554688,593.280029296875,589.2349853515625,590.760009765625,1624758,0.0,0.0
2025-03-14 09:30:00-04:00,603.02001953125,606.5,594.780029296875,597.1900024414062,3766318,0.525,0.0
2025-03-14 10:30:00-04:00,597.1599731445312,605.2553100585938,596.780029296875,603.47998046875,1739848,0.0,0.0
2025-03-14 11:30:00-04:00,603.4749755859375,607.885009765625,603.1201171875,605.1400146484375,1760007,0.0,0.0
2025-03-14 12:30:00-04:00,605.1300048828125,607.5579223632812,604.5753784179688,604.8400268554688,898003,0.0,0.0
2025-03-14 13:30:00-04:00,605.0499877929688,606.10498046875,603.2000122070312,605.4500122070312,751636,0.0,0.0
2025-03-14 14:30:00-04:00,605.4500122070312,607.5335083007812,604.4199829101562,605.1749877929688,732072,0.0,0.0
2025-03-14 15:30:00-04:00,605.1950073242188,608.8599853515625,605.1099853515625,607.5700073242188,1341214,0.0,0.0
2025-03-17 09:30:00-04:00,607.4600219726562,613.0,601.2899780273438,601.2999877929688,3126729,0.0,0.0
2025-03-17 10:30:00-04:00,601.52001953125,602.8242797851562,598.3300170898438,600.094970703125,2111819,0.0,0.0
2025-03-17 11:30:00-04:00,600.2308959960938,601.719970703125,598.030029296875,600.1599731445312,1697908,0.0,0.0
2025-03-17 12:30:00-04:00,600.14501953125,602.8900146484375,598.760009765625,601.0999755859375,1386671,0.0,0.0
2025-03-17 13:30:00-04:00,601.114990234375,605.969970703125,600.2000122070312,605.8150024414062,1794551,0.0,0.0
2025-03-17 14:30:00-04:00,605.6599731445312,607.3192749023438,604.2449951171875,605.989990234375,1596059,0.0,0.0
2025-03-17 15:30:00-04:00,605.9000244140625,606.9600219726562,604.1699829101562,604.7100219726562,1468239,0.0,0.0
2025-03-18 09:30:00-04:00,600.25,600.25,578.0,578.7999877929688,5915324,0.0,0.0
2025-03-18 10:30:00-04:00,578.8099975585938,579.8599853515625,574.6599731445312,576.9299926757812,3852054,0.0,0.0
2025-03-18 11:30:00-04:00,576.8150024414062,580.7000122070312,576.6199951171875,579.6799926757812,2266887,0.0,0.0
2025-03-18 12:30:00-04:00,579.7050170898438,581.4000244140625,576.780029296875,579.4299926757812,1538515,0.0,0.0
2025-03-18 13:30:00-04:00,579.4926147460938,583.3400268554688,578.5599975585938,580.8900146484375,1287503,0.0,0.0
2025-03-18 14:30:00-04:00,580.8900146484375,585.9500122070312,580.7999877929688,582.8499755859375,1618566,0.0,0.0
2025-03-18 15:30:00-04:00,582.97998046875,583.4176025390625,579.280029296875,582.4600219726562,1478013,0.0,0.0
2025-03-19 09:30:00-04:00,584.02001953125,588.3499755859375,578.7449951171875,583.1168823242188,3533366,0.0,0.0
2025-03-19 10:30:00-04:00,583.739990234375,584.1500244140625,579.130126953125,581.0599975585938,1816788,0.0,0.0
2025-03-19 11:30:00-04:00,581.10498046875,583.0,579.6199951171875,580.3150024414062,1407299,0.0,0.0
2025-03-19 12:30:00-04:00,580.2100219726562,580.5999755859375,574.77001953125,575.8599853515625,1834981,0.0,0.0
2025-03-19 13:30:00-04:00,575.75,582.3499145507812,574.9500122070312,580.3099975585938,1840881,0.0,0.0
2025-03-19 14:30:00-04:00,580.6900024414062,592.3223266601562,580.6900024414062,584.739990234375,2815195,0.0,0.0
2025-03-19 15:30:00-04:00,584.5,590.75,583.27001953125,583.9500122070312,2114822,0.0,0.0
2025-03-20 09:30:00-04:00,582.7550048828125,606.4400024414062,579.510009765625,604.868896484375,5792196,0.0,0.0
2025-03-20 10:30:00-04:00,604.8099975585938,609.77001953125,603.6500244140625,608.625,3167600,0.0,0.0
2025-03-20 11:30:00-04:00,609.739990234375,609.8099975585938,600.5599975585938,600.9776000976562,2322149,0.0,0.0
2025-03-20 12:30:00-04:00,601.2445068359375,602.6799926757812,596.0584106445312,596.369873046875,1942372,0.0,0.0
2025-03-20 13:30:00-04:00,596.2100219726562,598.1199951171875,591.27001953125,591.77001953125,2153801,0.0,0.0
2025-03-20 14:30:00-04:00,591.655029296875,593.27001953125,588.5,588.6500244140625,2561965,0.0,0.0
2025-03-20 15:30:00-04:00,588.7899780273438,589.7999877929688,585.010009765625,585.97998046875,2613977,0.0,0.0
2025-03-21 09:30:00-04:00,583.3900146484375,592.4052124023438,580.9500122070312,590.3499755859375,6312571,0.0,0.0
2025-03-21 10:30:00-04:00,590.0800170898438,595.0891723632812,587.1799926757812,590.0,1897024,0.0,0.0
2025-03-21 11:30:00-04:00,589.9389038085938,594.5399780273438,587.0,592.6035766601562,1756641,0.0,0.0
2025-03-21 12:30:00-04:00,592.6799926757812,597.5449829101562,591.4600830078125,592.7249755859375,2088167,0.0,0.0
2025-03-21 13:30:00-04:00,592.5,596.0,591.7000122070312,593.6599731445312,1153737,0.0,0.0
2025-03-21 14:30:00-04:00,593.6099853515625,596.0999755859375,593.2849731445312,595.6799926757812,1229547,0.0,0.0
2025-03-21 15:30:00-04:00,595.52001953125,596.72998046875,593.3200073242188,596.239990234375,2475486,0.0,0.0
2025-03-24 09:30:00-04:00,614.4954223632812,622.5399780273438,612.2000732421875,620.3250122070312,5845918,0.0,0.0
2025-03-24 10:30:00-04:00,620.4199829101562,620.60498046875,614.7095947265625,615.4432983398438,1677711,0.0,0.0
2025-03-24 11:30:00-04:00,615.5050048828125,616.0399780273438,612.6400146484375,614.0050048828125,1437363,0.0,0.0
2025-03-24 12:30:00-04:00,614.0050048828125,617.2999877929688,613.3599853515625,615.4550170898438,1073528,0.0,0.0
2025-03-24 13:30:00-04:00,615.4000244140625,616.219970703125,613.3211059570312,615.3699951171875,855652,0.0,0.0
2025-03-24 14:30:00-04:00,615.47998046875,618.1099853515625,614.030029296875,617.2598876953125,1196616,0.0,0.0
2025-03-24 15:30:00-04:00,617.10498046875,620.3200073242188,616.6109008789062,618.4099731445312,1532433,0.0,0.0
2025-03-25 09:30:00-04:00,627.2000122070312,630.0900268554688,621.185302734375,629.2335815429688,4930606,0.0,0.0
2025-03-25 10:30:00-04:00,629.2849731445312,633.8499755859375,628.9400024414062,629.2838134765625,2184562,0.0,0.0
2025-03-25 11:30:00-04:00,629.4600219726562,629.4600219726562,625.8109130859375,626.8300170898438,1245703,0.0,0.0
2025-03-25 12:30:00-04:00,627.0477294921875,629.8900146484375,618.8499755859375,627.2100219726562,1112278,0.0,0.0
2025-03-25 13:30:00-04:00,627.0549926757812,627.6199951171875,624.2401123046875,624.8099975585938,957655,0.0,0.0
2025-03-25 14:30:00-04:00,624.9600219726562,625.8330078125,623.3599853515625,624.5574951171875,935659,0.0,0.0
2025-03-25 15:30:00-04:00,624.5399780273438,627.0,624.47998046875,626.2899780273438,1076781,0.0,0.0
2025-03-26 09:30:00-04:00,624.6950073242188,626.7498779296875,610.5,614.5800170898438,3766284,0.0,0.0
2025-03-26 10:30:00-04:00,614.6799926757812,619.1099853515625,613.5,617.0504150390625,1539074,0.0,0.0
2025-03-26 11:30:00-04:00,616.9849853515625,618.6300048828125,613.510009765625,614.9450073242188,1102306,0.0,0.0
2025-03-26 12:30:00-04:00,614.905029296875,615.8798828125,610.1099853515625,612.25,1200245,0.0,0.0
2025-03-26 13:30:00-04:00,612.1400146484375,613.6400146484375,610.510009765625,611.27001953125,1006432,0.0,0.0
2025-03-26 14:30:00-04:00,611.25,611.8800048828125,606.6099853515625,608.780029296875,1235221,0.0,0.0
2025-03-26 15:30:00-04:00,608.780029296875,611.7399291992188,608.110107421875,610.9290161132812,1154590,0.0,0.0
2025-03-27 09:30:00-04:00,601.25,612.2000122070312,600.0999755859375,612.0700073242188,3083161,0.0,0.0
2025-03-27 10:30:00-04:00,612.0549926757812,614.25,610.280029296875,610.4849853515625,1364598,0.0,0.0
2025-03-27 11:30:00-04:00,610.5050048828125,611.1500244140625,606.47998046875,607.7050170898438,983421,0.0,0.0
2025-03-27 12:30:00-04:00,607.7349853515625,609.8599243164062,605.3400268554688,605.6199951171875,842688,0.0,0.0
2025-03-27 13:30:00-04:00,605.4949951171875,607.6798706054688,604.5466918945312,605.9400024414062,707203,0.0,0.0
2025-03-27 14:30:00-04:00,605.9400024414062,608.3200073242188,604.760009765625,607.3900146484375,823203,0.0,0.0
2025-03-27 15:30:00-04:00,607.27001953125,607.27001953125,601.2999877929688,602.510009765625,1164105,0.0,0.0
2025-03-28 09:30:00-04:00,600.3150024414062,601.7380981445312,587.3099975585938,587.52001953125,3502372,0.0,0.0
2025-03-28 10:30:00-04:00,587.594970703125,588.1892700195312,583.2584228515625,586.0900268554688,2012407,0.0,0.0
2025-03-28 11:30:00-04:00,586.1099853515625,587.889892578125,581.280029296875,582.3400268554688,1389520,0.0,0.0
2025-03-28 12:30:00-04:00,582.4000244140625,583.9749755859375,581.5,581.8499755859375,1367282,0.0,0.0
2025-03-28 13:30:00-04:00,581.7249755859375,582.1817016601562,577.8817138671875,578.780029296875,1855169,0.0,0.0
2025-03-28 14:30:00-04:00,578.7849731445312,580.1699829101562,575.344970703125,576.280029296875,2682796,0.0,0.0
2025-03-28 15:30:00-04:00,576.22998046875,577.905029296875,573.923583984375,576.760009765625,2397191,0.0,0.0
2025-03-31 09:30:00-04:00,563.094970703125,566.3599853515625,553.3099975585938,560.219970703125,6217812,0.0,0.0
2025-03-31 10:30:00-04:00,560.2349853515625,566.2113037109375,559.0700073242188,564.5650024414062,2678407,0.0,0.0
2025-03-31 11:30:00-04:00,564.3900146484375,572.4400024414062,564.094970703125,571.6199951171875,1927005,0.0,0.0
2025-03-31 12:30:00-04:00,571.5599975585938,574.5599975585938,568.7000122070312,571.22998046875,1216693,0.0,0.0
2025-03-31 13:30:00-04:00,571.219970703125,576.2100219726562,569.0,576.2100219726562,1299561,0.0,0.0
2025-03-31 14:30:00-04:00,576.1754150390625,576.4865112304688,573.0599975585938,573.780029296875,1398868,0.0,0.0
2025-03-31 15:30:00-04:00,573.7000122070312,578.7000122070312,572.9299926757812,576.5,1977868,0.0,0.0
2025-04-01 09:30:00-04:00,570.8400268554688,580.4400024414062,570.010009765625,577.9899291992188,3060808,0.0,0.0
2025-04-01 10:30:00-04:00,577.5900268554688,584.7000122070312,576.5275268554688,582.0499877929688,1876642,0.0,0.0
2025-04-01 11:30:00-04:00,582.1400146484375,589.2899780273438,581.9199829101562,585.8499755859375,1899292,0.0,0.0
2025-04-01 12:30:00-04:00,586.0250244140625,589.9099731445312,584.5,585.239990234375,1247512,0.0,0.0
2025-04-01 13:30:00-04:00,585.25,586.576416015625,578.4000244140625,579.5410766601562,985237,0.0,0.0
2025-04-01 14:30:00-04:00,579.8828125,584.0900268554688,579.239990234375,583.1699829101562,931915,0.0,0.0
2025-04-01 15:30:00-04:00,583.125,587.3699951171875,582.8267822265625,585.9500122070312,1555899,0.0,0.0
2025-04-02 09:30:00-04:00,574.5999755859375,589.659912109375,573.3599853515625,584.239990234375,3089237,0.0,0.0
2025-04-02 10:30:00-04:00,584.3350219726562,587.6199951171875,583.0759887695312,586.8900146484375,1015096,0.0,0.0
2025-04-02 11:30:00-04:00,586.8624877929688,588.8499755859375,576.6201171875,588.7750244140625,2048085,0.0,0.0
2025-04-02 12:30:00-04:00,588.8900146484375,592.6599731445312,586.0,590.135009765625,1476401,0.0,0.0
2025-04-02 13:30:00-04:00,590.0,590.4899291992188,580.8699951171875,580.8699951171875,1131323,0.0,0.0
2025-04-02 14:30:00-04:00,580.8599853515625,583.7999877929688,579.239990234375,581.9827270507812,1158944,0.0,0.0
2025-04-02 15:30:00-04:00,581.9450073242188,585.7550048828125,581.2000122070312,583.9299926757812,1170987,0.0,0.0
2025-04-03 09:30:00-04:00,546.2999877929688,548.4498901367188,536.5999755859375,541.6900024414062,10535125,0.0,0.0
2025-04-03 10:30:00-04:00,541.719970703125,544.639892578125,535.0,543.2022094726562,5018552,0.0,0.0
2025-04-03 11:30:00-04:00,543.1300048828125,552.5595703125,542.9199829101562,550.3200073242188,3495356,0.0,0.0
2025-04-03 12:30:00-04:00,550.4099731445312,551.0526733398438,543.3245849609375,544.3099975585938,2206712,0.0,0.0
2025-04-03 13:30:00-04:00,544.260009765625,546.655029296875,538.4450073242188,539.5900268554688,2478329,0.0,0.0
2025-04-03 14:30:00-04:00,539.4949951171875,542.3200073242188,532.2100219726562,532.7952270507812,3544596,0.0,0.0
2025-04-03 15:30:00-04:00,532.739990234375,536.8499755859375,531.6900024414062,531.739990234375,2724445,0.0,0.0
2025-04-04 09:30:00-04:00,506.6199951171875,518.0,502.42999267578125,506.9800109863281,10803102,0.0,0.0
2025-04-04 10:30:00-04:00,506.989990234375,515.469970703125,494.20001220703125,510.55499267578125,6744499,0.0,0.0
2025-04-04 11:30:00-04:00,510.80999755859375,513.760009765625,505.3116149902344,506.07000732421875,3922337,0.0,0.0
2025-04-04 12:30:00-04:00,506.0450134277344,512.5,504.760009765625,508.1606140136719,2786490,0.0,0.0
2025-04-04 13:30:00-04:00,508.1400146484375,517.1400146484375,506.7699890136719,507.8999938964844,3413167,0.0,0.0
2025-04-04 14:30:00-04:00,507.9700012207031,513.8699951171875,503.75,511.0899963378906,3485013,0.0,0.0
2025-04-04 15:30:00-04:00,510.6390075683594,515.161376953125,504.32000732421875,504.739990234375,4008383,0.0,0.0
2025-04-07 09:30:00-04:00,484.6199951171875,539.2999877929688,481.8999938964844,505.0799865722656,12942371,0.0,0.0
2025-04-07 10:30:00-04:00,508.7900085449219,523.0250244140625,499.5000915527344,503.3299865722656,6176227,0.0,0.0
2025-04-07 11:30:00-04:00,503.3349914550781,516.97998046875,503.2301025390625,511.8900146484375,3279363,0.0,0.0
2025-04-07 12:30:00-04:00,511.548095703125,520.97998046875,506.70001220703125,520.1599731445312,2511501,0.0,0.0
2025-04-07 13:30:00-04:00,520.47998046875,525.3900146484375,515.4299926757812,517.5499877929688,3021298,0.0,0.0
2025-04-07 14:30:00-04:00,517.3099975585938,523.5599975585938,512.8900756835938,513.010009765625,3035640,0.0,0.0
2025-04-07 15:30:00-04:00,513.1950073242188,521.489990234375,511.2200012207031,516.5399780273438,2600079,0.0,0.0
