Datetime,Open,High,Low,Close,Volume,Dividends,Stock Splits
2025-03-03 09:30:00-05:00,173.5800018310547,176.2899932861328,173.50999450683594,175.08999633789062,1858407,0.0,0.0
2025-03-03 10:30:00-05:00,175.0500030517578,175.47999572753906,174.8000030517578,175.0399932861328,484227,0.0,0.0
2025-03-03 11:30:00-05:00,175.00999450683594,175.20989990234375,174.74000549316406,174.9199981689453,540686,0.0,0.0
2025-03-03 12:30:00-05:00,174.88999938964844,175.6815948486328,174.7899932861328,175.38999938964844,548061,0.0,0.0
2025-03-03 13:30:00-05:00,175.36000061035156,175.4499969482422,174.77000427246094,174.88999938964844,566769,0.0,0.0
2025-03-03 14:30:00-05:00,174.88999938964844,175.4199981689453,174.86000061035156,175.1750030517578,655541,0.0,0.0
2025-03-03 15:30:00-05:00,175.1750030517578,175.75,174.74000549316406,175.63999938964844,827150,0.0,0.0
2025-03-04 09:30:00-05:00,176.75,179.99000549316406,176.69000244140625,179.7899932861328,3603034,0.0,0.0
2025-03-04 10:30:00-05:00,179.7899932861328,179.9499969482422,178.02999877929688,178.53500366210938,1915795,0.0,0.0
2025-03-04 11:30:00-05:00,178.46499633789062,178.54359436035156,175.97000122070312,176.25999450683594,1104826,0.0,0.0
2025-03-04 12:30:00-05:00,176.3000030517578,176.7899932861328,175.6699981689453,175.93930053710938,728910,0.0,0.0
2025-03-04 13:30:00-05:00,175.94000244140625,176.1199951171875,174.68089294433594,175.07919311523438,603165,0.0,0.0
2025-03-04 14:30:00-05:00,175.0449981689453,175.3800048828125,174.66000366210938,174.86000061035156,704702,0.0,0.0
2025-03-04 15:30:00-05:00,174.89999389648438,175.27999877929688,172.91000366210938,173.22000122070312,1283253,0.0,0.0
2025-03-05 09:30:00-05:00,173.3800048828125,175.25,173.02000427246094,174.1925048828125,1225582,0.0,0.0
2025-03-05 10:30:00-05:00,174.1199951171875,174.92999267578125,173.89999389648438,174.72000122070312,590929,0.0,0.0
2025-03-05 11:30:00-05:00,174.72000122070312,175.8699951171875,174.57000732421875,175.77000427246094,648665,0.0,0.0
2025-03-05 12:30:00-05:00,175.75,175.77999877929688,175.0,175.22000122070312,487406,0.0,0.0
2025-03-05 13:30:00-05:00,175.22000122070312,175.58999633789062,174.94610595703125,175.33999633789062,410011,0.0,0.0
2025-03-05 14:30:00-05:00,175.35000610351562,175.5500030517578,175.10499572753906,175.32000732421875,557954,0.0,0.0
2025-03-05 15:30:00-05:00,175.32000732421875,175.35000610351562,174.41000366210938,174.6199951171875,811130,0.0,0.0
2025-03-06 09:30:00-05:00,174.88999938964844,175.83999633789062,173.0800018310547,174.00999450683594,1048714,0.0,0.0
2025-03-06 10:30:00-05:00,174.00999450683594,174.44000244140625,173.91000366210938,174.1999969482422,433956,0.0,0.0
2025-03-06 11:30:00-05:00,174.21499633789062,174.5399932861328,173.22999572753906,173.85000610351562,591956,0.0,0.0
2025-03-06 12:30:00-05:00,173.8300018310547,174.05999755859375,173.50999450683594,173.72999572753906,458108,0.0,0.0
2025-03-06 13:30:00-05:00,173.7100067138672,174.13999938964844,173.61000061035156,174.10000610351562,455218,0.0,0.0
2025-03-06 14:30:00-05:00,174.07000732421875,174.72000122070312,173.86000061035156,174.70750427246094,654738,0.0,0.0
2025-03-06 15:30:00-05:00,174.7050018310547,174.90499877929688,174.3800048828125,174.61000061035156,797142,0.0,0.0
2025-03-07 09:30:00-05:00,174.08999633789062,176.47000122070312,174.0500030517578,176.1199951171875,1433335,0.0,0.0
2025-03-07 10:30:00-05:00,176.1300048828125,178.00999450683594,175.85000610351562,177.9199981689453,1497059,0.0,0.0
2025-03-07 11:30:00-05:00,177.9499969482422,178.88999938964844,177.210693359375,177.27000427246094,1236118,0.0,0.0
2025-03-07 12:30:00-05:00,177.2899932861328,177.82000732421875,176.94000244140625,177.08999633789062,652979,0.0,0.0
2025-03-07 13:30:00-05:00,177.09500122070312,177.5399932861328,176.47999572753906,176.6300048828125,673926,0.0,0.0
2025-03-07 14:30:00-05:00,176.6199951171875,176.6199951171875,175.00999450683594,175.60000610351562,969616,0.0,0.0
2025-03-07 15:30:00-05:00,175.60000610351562,176.33999633789062,175.1999969482422,175.92999267578125,1071492,0.0,0.0
2025-03-10 09:30:00-04:00,176.7550048828125,179.1199951171875,176.7550048828125,178.96499633789062,1747388,0.0,0.0
2025-03-10 10:30:00-04:00,178.96499633789062,179.99000549316406,178.42999267578125,178.74000549316406,1593011,0.0,0.0
2025-03-10 11:30:00-04:00,178.72999572753906,178.77999877929688,177.75999450683594,178.10499572753906,861981,0.0,0.0
2025-03-10 12:30:00-04:00,178.07000732421875,178.63999938964844,177.6199951171875,177.85499572753906,735417,0.0,0.0
2025-03-10 13:30:00-04:00,177.8800048828125,178.86000061035156,177.72000122070312,178.4600067138672,807824,0.0,0.0
2025-03-10 14:30:00-04:00,178.44000244140625,178.4600067138672,176.0,176.5,1655497,0.0,0.0
2025-03-10 15:30:00-04:00,176.52999877929688,177.5800018310547,175.8300018310547,176.27000427246094,1469971,0.0,0.0
2025-03-11 09:30:00-04:00,175.8249969482422,175.99000549316406,172.32000732421875,173.77000427246094,2379642,0.0,0.0
2025-03-11 10:30:00-04:00,173.74000549316406,174.0970001220703,173.0,173.38499450683594,1560805,0.0,0.0
2025-03-11 11:30:00-04:00,173.35000610351562,173.8300018310547,172.83999633789062,173.0500030517578,901181,0.0,0.0
2025-03-11 12:30:00-04:00,173.0749969482422,173.33999633789062,172.5800018310547,173.27000427246094,767271,0.0,0.0
2025-03-11 13:30:00-04:00,173.2949981689453,173.60000610351562,172.85000610351562,173.44500732421875,739440,0.0,0.0
2025-03-11 14:30:00-04:00,173.44500732421875,173.92990112304688,172.86000061035156,172.97000122070312,1155656,0.0,0.0
2025-03-11 15:30:00-04:00,172.94000244140625,173.7100067138672,172.8800048828125,173.0850067138672,1417452,0.0,0.0
2025-03-12 09:30:00-04:00,169.6999969482422,171.8300018310547,169.13999938964844,169.86000061035156,2258099,0.0,0.0
2025-03-12 10:30:00-04:00,169.8350067138672,170.0,168.36000061035156,168.8800048828125,1234781,0.0,0.0
2025-03-12 11:30:00-04:00,168.86500549316406,168.9600067138672,168.22999572753906,168.7449951171875,934829,0.0,0.0
2025-03-12 12:30:00-04:00,168.7449951171875,168.9199981689453,167.88999938964844,168.41000366210938,843642,0.0,0.0
2025-03-12 13:30:00-04:00,168.38999938964844,169.13999938964844,168.25999450683594,169.0500030517578,656471,0.0,0.0
2025-03-12 14:30:00-04:00,169.05499267578125,169.57000732421875,168.13499450683594,168.5449981689453,848822,0.0,0.0
2025-03-12 15:30:00-04:00,168.5449981689453,168.76620483398438,167.77000427246094,168.36000061035156,1519438,0.0,0.0
2025-03-13 09:30:00-04:00,167.6999969482422,169.16990661621094,167.27789306640625,168.3699951171875,1083199,0.0,0.0
2025-03-13 10:30:00-04:00,168.30239868164062,169.2899932861328,168.30239868164062,168.72500610351562,1024859,0.0,0.0
2025-03-13 11:30:00-04:00,168.74000549316406,168.8000030517578,167.8800048828125,167.8800048828125,643247,0.0,0.0
2025-03-13 12:30:00-04:00,167.8699951171875,168.77999877929688,167.8415069580078,168.52999877929688,539532,0.0,0.0
2025-03-13 13:30:00-04:00,168.52000427246094,168.8800048828125,168.38999938964844,168.69500732421875,509805,0.0,0.0
2025-03-13 14:30:00-04:00,168.7100067138672,169.0399932861328,168.4600067138672,168.5749969482422,617257,0.0,0.0
2025-03-13 15:30:00-04:00,168.57000732421875,168.85000610351562,168.41000366210938,168.60000610351562,883920,0.0,0.0
2025-03-14 09:30:00-04:00,167.7899932861328,168.58999633789062,166.6199951171875,167.7050018310547,1166416,0.0,0.0
2025-03-14 10:30:00-04:00,167.7100067138672,168.02999877929688,167.47250366210938,167.60000610351562,640058,0.0,0.0
2025-03-14 11:30:00-04:00,167.6300048828125,167.7989959716797,167.3699951171875,167.55999755859375,661252,0.0,0.0
2025-03-14 12:30:00-04:00,167.52999877929688,167.91000366210938,167.375,167.52999877929688,472090,0.0,0.0
2025-03-14 13:30:00-04:00,167.52499389648438,167.6199951171875,167.00999450683594,167.0800018310547,612606,0.0,0.0
2025-03-14 14:30:00-04:00,167.08999633789062,167.69000244140625,167.0800018310547,167.6300048828125,879701,0.0,0.0
2025-03-14 15:30:00-04:00,167.5800018310547,168.3300018310547,167.5800018310547,167.97000122070312,915283,0.0,0.0
2025-03-17 09:30:00-04:00,168.3699951171875,170.72000122070312,168.1300048828125,170.50999450683594,1818379,0.0,0.0
2025-03-17 10:30:00-04:00,170.46499633789062,171.08999633789062,170.19000244140625,170.3350067138672,862012,0.0,0.0
2025-03-17 11:30:00-04:00,170.30999755859375,170.39999389648438,169.28500366210938,169.63499450683594,629085,0.0,0.0
2025-03-17 12:30:00-04:00,169.63499450683594,169.72000122070312,169.36500549316406,169.63999938964844,470071,0.0,0.0
2025-03-17 13:30:00-04:00,169.64999389648438,170.47999572753906,169.50999450683594,169.7899932861328,602554,0.0,0.0
2025-03-17 14:30:00-04:00,169.7899932861328,169.99000549316406,169.44000244140625,169.75999450683594,644333,0.0,0.0
2025-03-17 15:30:00-04:00,169.75999450683594,170.0,169.47000122070312,169.75999450683594,1108132,0.0,0.0
2025-03-18 09:30:00-04:00,170.07000732421875,170.25999450683594,168.8300018310547,169.74000549316406,782233,0.0,0.0
2025-03-18 10:30:00-04:00,169.7550048828125,170.0500030517578,168.80999755859375,168.8249969482422,517886,0.0,0.0
2025-03-18 11:30:00-04:00,168.8000030517578,169.08709716796875,168.35000610351562,168.55999755859375,474923,0.0,0.0
2025-03-18 12:30:00-04:00,168.5500030517578,168.5500030517578,167.8699951171875,168.1999969482422,387503,0.0,0.0
2025-03-18 13:30:00-04:00,168.16000366210938,168.60499572753906,168.16000366210938,168.52999877929688,414014,0.0,0.0
2025-03-18 14:30:00-04:00,168.53500366210938,168.60000610351562,167.89999389648438,168.2100067138672,492032,0.0,0.0
2025-03-18 15:30:00-04:00,168.2100067138672,168.25999450683594,167.5800018310547,167.72000122070312,732872,0.0,0.0
2025-03-19 09:30:00-04:00,167.8699951171875,168.33999633789062,167.38999938964844,168.2823028564453,899170,0.0,0.0
2025-03-19 10:30:00-04:00,168.3000030517578,168.42999267578125,167.9499969482422,168.1300048828125,721386,0.0,0.0
2025-03-19 11:30:00-04:00,168.13999938964844,168.17999267578125,167.64999389648438,167.947998046875,576819,0.0,0.0
2025-03-19 12:30:00-04:00,167.97000122070312,167.98399353027344,167.60000610351562,167.69000244140625,481614,0.0,0.0
2025-03-19 13:30:00-04:00,167.6699981689453,167.6699981689453,167.11000061035156,167.24000549316406,678488,0.0,0.0
2025-03-19 14:30:00-04:00,167.24000549316406,168.5399932861328,167.1300048828125,168.5399932861328,999192,0.0,0.0
2025-03-19 15:30:00-04:00,168.5500030517578,168.7449951171875,168.22999572753906,168.5800018310547,1021845,0.0,0.0
2025-03-20 09:30:00-04:00,168.88999938964844,169.2050018310547,166.02999877929688,168.39500427246094,1241506,0.0,0.0
2025-03-20 10:30:00-04:00,168.39500427246094,168.4499969482422,166.6300048828125,166.66000366210938,771911,0.0,0.0
2025-03-20 11:30:00-04:00,166.66000366210938,167.0500030517578,166.57000732421875,166.8800048828125,810267,0.0,0.0
2025-03-20 12:30:00-04:00,166.88999938964844,167.25,166.66000366210938,166.7899932861328,523542,0.0,0.0
2025-03-20 13:30:00-04:00,166.80499267578125,167.25999450683594,166.69000244140625,167.10000610351562,605813,0.0,0.0
2025-03-20 14:30:00-04:00,167.11000061035156,167.44000244140625,166.89999389648438,166.97999572753906,1093602,0.0,0.0
2025-03-20 15:30:00-04:00,166.99000549316406,167.74000549316406,166.77000427246094,167.5399932861328,1390998,0.0,0.0
2025-03-21 09:30:00-04:00,167.13999938964844,168.1300048828125,166.31500244140625,166.6540069580078,3428227,0.0,0.0
2025-03-21 10:30:00-04:00,166.66000366210938,166.75999450683594,166.2100067138672,166.63499450683594,1125229,0.0,0.0
2025-03-21 11:30:00-04:00,166.66000366210938,166.75999450683594,166.10000610351562,166.5749969482422,1270986,0.0,0.0
2025-03-21 12:30:00-04:00,166.5500030517578,166.94000244140625,166.27999877929688,166.7050018310547,450033,0.0,0.0
2025-03-21 13:30:00-04:00,166.7050018310547,167.4499969482422,166.6199951171875,166.64999389648438,432383,0.0,0.0
2025-03-21 14:30:00-04:00,166.64999389648438,166.91099548339844,166.43499755859375,166.4600067138672,911156,0.0,0.0
2025-03-21 15:30:00-04:00,166.4600067138672,166.77999877929688,164.1199951171875,166.67999267578125,1538177,0.0,0.0
2025-03-24 09:30:00-04:00,166.42999267578125,166.86990356445312,165.84249877929688,165.8699951171875,837114,0.0,0.0
2025-03-24 10:30:00-04:00,165.8699951171875,166.55999755859375,165.6699981689453,166.42999267578125,537752,0.0,0.0
2025-03-24 11:30:00-04:00,166.4199981689453,166.5,166.16000366210938,166.3699951171875,526024,0.0,0.0
2025-03-24 12:30:00-04:00,166.36000061035156,166.47999572753906,165.64999389648438,165.6999969482422,404777,0.0,0.0
2025-03-24 13:30:00-04:00,165.72000122070312,165.8300018310547,165.50999450683594,165.51499938964844,578853,0.0,0.0
2025-03-24 14:30:00-04:00,165.5,165.82000732421875,165.36000061035156,165.5399932861328,563931,0.0,0.0
2025-03-24 15:30:00-04:00,165.5500030517578,165.85000610351562,165.52000427246094,165.6199951171875,623217,0.0,0.0
2025-03-25 09:30:00-04:00,165.3000030517578,165.3699951171875,162.1999969482422,162.97500610351562,1474435,0.0,0.0
2025-03-25 10:30:00-04:00,162.99000549316406,163.1999969482422,162.19500732421875,162.50999450683594,785368,0.0,0.0
2025-03-25 11:30:00-04:00,162.50999450683594,162.89500427246094,162.33999633789062,162.80999755859375,504759,0.0,0.0
2025-03-25 12:30:00-04:00,162.82000732421875,163.1300048828125,162.5050048828125,163.1092987060547,429485,0.0,0.0
2025-03-25 13:30:00-04:00,163.0800018310547,163.47999572753906,162.86000061035156,163.17999267578125,483651,0.0,0.0
2025-03-25 14:30:00-04:00,163.19000244140625,163.25,162.71499633789062,162.78500366210938,517925,0.0,0.0
2025-03-25 15:30:00-04:00,162.7899932861328,162.9600067138672,162.4199981689453,162.83999633789062,743904,0.0,0.0
2025-03-26 09:30:00-04:00,163.35000610351562,165.0800018310547,162.99000549316406,164.69000244140625,1501237,0.0,0.0
2025-03-26 10:30:00-04:00,164.6699981689453,165.4199981689453,164.61500549316406,165.32000732421875,623993,0.0,0.0
2025-03-26 11:30:00-04:00,165.33030700683594,165.83999633789062,165.03500366210938,165.6699981689453,765522,0.0,0.0
2025-03-26 12:30:00-04:00,165.6699981689453,166.47000122070312,165.66000366210938,166.2899932861328,598421,0.0,0.0
2025-03-26 13:30:00-04:00,166.2899932861328,166.39999389648438,165.9405975341797,166.28500366210938,602845,0.0,0.0
2025-03-26 14:30:00-04:00,166.27000427246094,166.6199951171875,166.1999969482422,166.27000427246094,702246,0.0,0.0
2025-03-26 15:30:00-04:00,166.27499389648438,166.82000732421875,166.07000732421875,166.57000732421875,995984,0.0,0.0
2025-03-27 09:30:00-04:00,167.8699951171875,168.8699951171875,166.6199951171875,168.0749969482422,1270280,0.0,0.0
2025-03-27 10:30:00-04:00,168.07000732421875,168.0749969482422,167.22999572753906,167.85000610351562,676165,0.0,0.0
2025-03-27 11:30:00-04:00,167.8699951171875,168.17999267578125,167.77000427246094,167.9499969482422,479473,0.0,0.0
2025-03-27 12:30:00-04:00,167.9499969482422,168.1999969482422,167.75999450683594,168.1199951171875,379006,0.0,0.0
2025-03-27 13:30:00-04:00,168.1199951171875,168.7220001220703,168.05999755859375,168.5,412649,0.0,0.0
2025-03-27 14:30:00-04:00,168.5,168.8800048828125,168.4600067138672,168.84500122070312,621142,0.0,0.0
2025-03-27 15:30:00-04:00,168.86000061035156,169.02999877929688,168.4600067138672,168.67999267578125,837404,0.0,0.0
2025-03-28 09:30:00-04:00,169.3800048828125,169.7100067138672,168.4044952392578,169.52000427246094,808960,0.0,0.0
2025-03-28 10:30:00-04:00,169.52999877929688,169.5399932861328,167.9600067138672,168.17999267578125,1106190,0.0,0.0
2025-03-28 11:30:00-04:00,168.17999267578125,168.49000549316406,168.10000610351562,168.2550048828125,414497,0.0,0.0
2025-03-28 12:30:00-04:00,168.27000427246094,168.3000030517578,167.99000549316406,168.19000244140625,412367,0.0,0.0
2025-03-28 13:30:00-04:00,168.1750030517578,168.27000427246094,167.6199951171875,167.89999389648438,346090,0.0,0.0
2025-03-28 14:30:00-04:00,167.91000366210938,168.58999633789062,167.88999938964844,168.2949981689453,453438,0.0,0.0
2025-03-28 15:30:00-04:00,168.3000030517578,168.57000732421875,167.8699951171875,168.02000427246094,812779,0.0,0.0
2025-03-31 09:30:00-04:00,168.10150146484375,170.27000427246094,168.10150146484375,169.7899932861328,1457289,0.0,0.0
2025-03-31 10:30:00-04:00,169.80999755859375,170.35000610351562,169.5800018310547,169.99000549316406,804284,0.0,0.0
2025-03-31 11:30:00-04:00,169.9949951171875,170.08999633789062,169.47500610351562,169.5399932861328,681461,0.0,0.0
2025-03-31 12:30:00-04:00,169.5449981689453,169.92999267578125,169.32000732421875,169.8000030517578,952288,0.0,0.0
2025-03-31 13:30:00-04:00,169.8000030517578,170.17999267578125,169.5449981689453,170.00999450683594,773330,0.0,0.0
2025-03-31 14:30:00-04:00,170.00999450683594,170.7449951171875,169.94000244140625,170.5800018310547,766794,0.0,0.0
2025-03-31 15:30:00-04:00,170.5850067138672,171.13999938964844,170.24000549316406,170.4199981689453,1726275,0.0,0.0
2025-04-01 09:30:00-04:00,170.57000732421875,171.0500030517578,169.19000244140625,169.38999938964844,944939,0.0,0.0
2025-04-01 10:30:00-04:00,169.38999938964844,170.07000732421875,169.1699981689453,169.6750030517578,709836,0.0,0.0
2025-04-01 11:30:00-04:00,169.6699981689453,170.19000244140625,169.5579071044922,169.86000061035156,685486,0.0,0.0
2025-04-01 12:30:00-04:00,169.86000061035156,169.9250030517578,169.47500610351562,169.55999755859375,349781,0.0,0.0
2025-04-01 13:30:00-04:00,169.56500244140625,170.09500122070312,169.05999755859375,169.96499633789062,716420,0.0,0.0
2025-04-01 14:30:00-04:00,169.9499969482422,170.00999450683594,169.41000366210938,169.72999572753906,699301,0.0,0.0
2025-04-01 15:30:00-04:00,169.72000122070312,170.7100067138672,169.7100067138672,170.49000549316406,1258682,0.0,0.0
2025-04-02 09:30:00-04:00,170.07000732421875,170.8800048828125,168.3800048828125,169.35519409179688,1153838,0.0,0.0
2025-04-02 10:30:00-04:00,169.38999938964844,169.8699951171875,169.3300018310547,169.59500122070312,426561,0.0,0.0
2025-04-02 11:30:00-04:00,169.60000610351562,169.83999633789062,168.30999755859375,168.39999389648438,476326,0.0,0.0
2025-04-02 12:30:00-04:00,168.4199981689453,169.0800018310547,168.33999633789062,168.77000427246094,496585,0.0,0.0
2025-04-02 13:30:00-04:00,168.75999450683594,168.94000244140625,168.55499267578125,168.64999389648438,528280,0.0,0.0
2025-04-02 14:30:00-04:00,168.6699981689453,169.1199951171875,168.60000610351562,169.01499938964844,609109,0.0,0.0
2025-04-02 15:30:00-04:00,169.03250122070312,169.81500244140625,168.88999938964844,169.4250030517578,1035437,0.0,0.0
2025-04-03 09:30:00-04:00,174.22999572753906,174.8000030517578,170.7310028076172,171.80999755859375,2626287,0.0,0.0
2025-04-03 10:30:00-04:00,171.80999755859375,173.60000610351562,171.5,172.97999572753906,1323353,0.0,0.0
2025-04-03 11:30:00-04:00,172.94500732421875,173.38999938964844,172.47999572753906,172.82000732421875,741499,0.0,0.0
2025-04-03 12:30:00-04:00,172.81686401367188,172.86000061035156,171.47000122070312,171.52999877929688,436726,0.0,0.0
2025-04-03 13:30:00-04:00,171.52000427246094,173.11000061035156,171.52000427246094,173.0850067138672,543222,0.0,0.0
2025-04-03 14:30:00-04:00,173.08999633789062,173.33999633789062,172.17999267578125,172.6750030517578,847999,0.0,0.0
2025-04-03 15:30:00-04:00,172.69000244140625,172.84320068359375,172.00999450683594,172.30999755859375,1306641,0.0,0.0
2025-04-04 09:30:00-04:00,171.76499938964844,173.60000610351562,170.74000549316406,171.77000427246094,2530034,0.0,0.0
2025-04-04 10:30:00-04:00,171.77000427246094,172.32000732421875,168.0,168.36000061035156,2328861,0.0,0.0
2025-04-04 11:30:00-04:00,168.3300018310547,169.1699981689453,167.25999450683594,167.65040588378906,1275118,0.0,0.0
2025-04-04 12:30:00-04:00,167.64999389648438,168.0,166.13999938964844,167.03359985351562,807803,0.0,0.0
2025-04-04 13:30:00-04:00,167.0399932861328,167.50759887695312,165.02000427246094,165.17250061035156,987849,0.0,0.0
2025-04-04 14:30:00-04:00,165.16000366210938,165.72000122070312,163.97000122070312,165.3800048828125,1198948,0.0,0.0
2025-04-04 15:30:00-04:00,165.36000061035156,165.8699951171875,163.47000122070312,163.73699951171875,1753101,0.0,0.0
2025-04-07 09:30:00-04:00,163.66000366210938,164.69500732421875,159.19000244140625,161.26499938964844,3631930,0.0,0.0
2025-04-07 10:30:00-04:00,161.26499938964844,162.61000061035156,159.1999969482422,159.27000427246094,1873903,0.0,0.0
2025-04-07 11:30:00-04:00,159.21499633789062,161.39999389648438,159.21499633789062,160.7449951171875,871803,0.0,0.0
2025-04-07 12:30:00-04:00,160.74000549316406,161.80499267578125,159.77999877929688,161.74000549316406,887002,0.0,0.0
2025-04-07 13:30:00-04:00,161.74000549316406,162.29989624023438,161.0399932861328,162.0850067138672,1627745,0.0,0.0
2025-04-07 14:30:00-04:00,162.0850067138672,162.4499969482422,160.2100067138672,160.28500366210938,1521703,0.0,0.0
2025-04-07 15:30:00-04:00,160.24000549316406,161.22999572753906,159.63999938964844,160.2100067138672,2149185,0.0,0.0
