Datetime,Open,High,Low,Close,Volume,Dividends,Stock Splits
2025-03-03 09:30:00-05:00,300.36749267578125,303.94000244140625,291.70001220703125,300.7300109863281,35304647,0.0,0.0
2025-03-03 10:30:00-05:00,300.7799987792969,301.69000244140625,294.8599853515625,298.94500732421875,12487012,0.0,0.0
2025-03-03 11:30:00-05:00,298.989990234375,302.47900390625,297.44110107421875,298.4800109863281,10050129,0.0,0.0
2025-03-03 12:30:00-05:00,298.4849853515625,298.69989013671875,285.0299987792969,285.4150085449219,16508753,0.0,0.0
2025-03-03 13:30:00-05:00,285.5086975097656,289.8089904785156,284.7099914550781,286.42498779296875,10088160,0.0,0.0
2025-03-03 14:30:00-05:00,286.42498779296875,290.260009765625,279.05999755859375,280.0924072265625,13903470,0.0,0.0
2025-03-03 15:30:00-05:00,280.05999755859375,284.9800109863281,277.29998779296875,284.7799987792969,10701428,0.0,0.0
2025-03-04 09:30:00-05:00,270.79998779296875,278.2799987792969,261.840087890625,265.6099853515625,43130221,0.0,0.0
2025-03-04 10:30:00-05:00,265.57000732421875,267.81561279296875,262.0751953125,262.760498046875,14951434,0.0,0.0
2025-03-04 11:30:00-05:00,262.67999267578125,273.010009765625,262.6117858886719,271.9891052246094,13398335,0.0,0.0
2025-03-04 12:30:00-05:00,271.9100036621094,274.45001220703125,268.6600036621094,271.135986328125,11449807,0.0,0.0
2025-03-04 13:30:00-05:00,271.1075134277344,281.489990234375,270.1199951171875,279.1600036621094,12348615,0.0,0.0
2025-03-04 14:30:00-05:00,279.239990234375,284.3299865722656,277.67999267578125,283.0299987792969,12299820,0.0,0.0
2025-03-04 15:30:00-05:00,282.9549865722656,283.31988525390625,270.33099365234375,272.0,12383747,0.0,0.0
2025-03-05 09:30:00-05:00,272.9599914550781,278.2698974609375,267.7099914550781,270.239990234375,30324652,0.0,0.0
2025-03-05 10:30:00-05:00,270.25,274.4599914550781,268.79998779296875,270.6000061035156,12730856,0.0,0.0
2025-03-05 11:30:00-05:00,270.54998779296875,274.1488952636719,268.0,273.18670654296875,10689026,0.0,0.0
2025-03-05 12:30:00-05:00,273.12750244140625,276.05999755859375,271.0,272.431884765625,9153503,0.0,0.0
2025-03-05 13:30:00-05:00,272.375,279.1600036621094,271.20001220703125,276.9800109863281,9379582,0.0,0.0
2025-03-05 14:30:00-05:00,277.0,278.139892578125,273.5199890136719,276.82000732421875,8850682,0.0,0.0
2025-03-05 15:30:00-05:00,276.739990234375,279.5400085449219,275.260009765625,279.260009765625,7015030,0.0,0.0
2025-03-06 09:30:00-05:00,272.0,272.1180114746094,264.3999938964844,270.6925048828125,26702168,0.0,0.0
2025-03-06 10:30:00-05:00,270.69500732421875,272.6499938964844,267.5799865722656,269.30999755859375,11485501,0.0,0.0
2025-03-06 11:30:00-05:00,269.3299865722656,271.239501953125,262.8500061035156,263.29998779296875,12655085,0.0,0.0
2025-03-06 12:30:00-05:00,263.3399963378906,264.7300109863281,261.7699890136719,262.95001220703125,9098353,0.0,0.0
2025-03-06 13:30:00-05:00,263.0,263.55029296875,260.0199890136719,260.55999755859375,10864097,0.0,0.0
2025-03-06 14:30:00-05:00,260.45001220703125,266.6099853515625,260.0199890136719,261.1650085449219,12802598,0.0,0.0
2025-03-06 15:30:00-05:00,261.1700134277344,264.3399963378906,260.54998779296875,263.42999267578125,8703774,0.0,0.0
2025-03-07 09:30:00-05:00,259.2749938964844,266.2499084472656,259.090087890625,260.9493103027344,26537801,0.0,0.0
2025-03-07 10:30:00-05:00,260.8999938964844,261.6000061035156,254.30999755859375,254.38999938964844,15854379,0.0,0.0
2025-03-07 11:30:00-05:00,254.4199981689453,256.0950012207031,250.72999572753906,256.0400085449219,15145976,0.0,0.0
2025-03-07 12:30:00-05:00,256.0899963378906,262.8699951171875,254.89999389648438,260.2049865722656,13885689,0.0,0.0
2025-03-07 13:30:00-05:00,260.2699890136719,264.2684020996094,259.6715087890625,263.1217956542969,9663231,0.0,0.0
2025-03-07 14:30:00-05:00,263.1499938964844,263.56939697265625,259.2300109863281,261.68609619140625,9220298,0.0,0.0
2025-03-07 15:30:00-05:00,261.5199890136719,263.5,258.4599914550781,262.6300048828125,8113262,0.0,0.0
2025-03-10 09:30:00-04:00,252.60000610351562,253.3699951171875,238.88999938964844,239.72999572753906,40927577,0.0,0.0
2025-03-10 10:30:00-04:00,239.91000366210938,241.49000549316406,237.60000610351562,240.16000366210938,19495395,0.0,0.0
2025-03-10 11:30:00-04:00,240.14999389648438,243.1092987060547,233.8000946044922,234.3000030517578,20551680,0.0,0.0
2025-03-10 12:30:00-04:00,234.3300018310547,234.94949340820312,225.58999633789062,227.0500030517578,27825802,0.0,0.0
2025-03-10 13:30:00-04:00,227.15989685058594,228.85000610351562,224.1300048828125,225.99920654296875,18614538,0.0,0.0
2025-03-10 14:30:00-04:00,226.02999877929688,227.10000610351562,220.85049438476562,221.5800018310547,23296862,0.0,0.0
2025-03-10 15:30:00-04:00,221.57000732421875,224.8000030517578,220.19000244140625,222.0800018310547,21582826,0.0,0.0
2025-03-11 09:30:00-04:00,225.2700958251953,236.2895965576172,222.0,222.6501007080078,58854090,0.0,0.0
2025-03-11 10:30:00-04:00,222.60000610351562,230.98989868164062,218.02999877929688,228.39999389648438,29364038,0.0,0.0
2025-03-11 11:30:00-04:00,228.38999938964844,232.6999969482422,225.91000366210938,228.23500061035156,16280892,0.0,0.0
2025-03-11 12:30:00-04:00,228.3300018310547,230.4499053955078,223.5500030517578,223.80999755859375,12475120,0.0,0.0
2025-03-11 13:30:00-04:00,223.75,234.44000244140625,223.5800018310547,233.22799682617188,15121712,0.0,0.0
2025-03-11 14:30:00-04:00,233.1699981689453,237.0648956298828,230.82000732421875,232.6820068359375,20248023,0.0,0.0
2025-03-11 15:30:00-04:00,232.72999572753906,234.99000549316406,229.6199951171875,230.5,11862356,0.0,0.0
2025-03-12 09:30:00-04:00,247.27000427246094,251.69000244140625,244.3000030517578,246.89500427246094,50358750,0.0,0.0
2025-03-12 10:30:00-04:00,247.0,247.36000061035156,241.10000610351562,244.8206024169922,21409822,0.0,0.0
2025-03-12 11:30:00-04:00,244.8800048828125,249.97999572753906,244.52999877929688,249.3000030517578,13996209,0.0,0.0
2025-03-12 12:30:00-04:00,249.30999755859375,251.83999633789062,247.39999389648438,250.23989868164062,13689525,0.0,0.0
2025-03-12 13:30:00-04:00,250.1199951171875,251.10000610351562,245.75,249.36990356445312,11225241,0.0,0.0
2025-03-12 14:30:00-04:00,249.42999267578125,249.82000732421875,247.4499969482422,247.70350646972656,9348190,0.0,0.0
2025-03-12 15:30:00-04:00,247.75999450683594,248.3800048828125,245.97999572753906,248.27999877929688,10404480,0.0,0.0
2025-03-13 09:30:00-04:00,248.125,248.2899932861328,234.0,239.4600067138672,40937913,0.0,0.0
2025-03-13 10:30:00-04:00,239.4774932861328,240.6999969482422,235.6999969482422,236.14999389648438,14679164,0.0,0.0
2025-03-13 11:30:00-04:00,236.1300048828125,236.44000244140625,233.52999877929688,235.3699951171875,12748608,0.0,0.0
2025-03-13 12:30:00-04:00,235.39999389648438,238.49000549316406,234.60009765625,236.07000732421875,10729898,0.0,0.0
2025-03-13 13:30:00-04:00,236.0399932861328,241.33999633789062,235.4499969482422,240.7100067138672,10646258,0.0,0.0
2025-03-13 14:30:00-04:00,240.75,242.60000610351562,239.27000427246094,239.7100067138672,10381525,0.0,0.0
2025-03-13 15:30:00-04:00,239.89999389648438,240.92999267578125,238.1510009765625,240.69000244140625,7160974,0.0,0.0
2025-03-14 09:30:00-04:00,247.30999755859375,250.639892578125,240.74000549316406,241.0399932861328,30773216,0.0,0.0
2025-03-14 10:30:00-04:00,241.1300048828125,248.72999572753906,240.8800048828125,248.5950927734375,15845456,0.0,0.0
2025-03-14 11:30:00-04:00,248.5800018310547,249.75999450683594,246.410400390625,246.80999755859375,12018596,0.0,0.0
2025-03-14 12:30:00-04:00,246.7899932861328,249.66000366210938,246.42149353027344,247.981201171875,8209748,0.0,0.0
2025-03-14 13:30:00-04:00,247.99000549316406,249.89999389648438,247.4199981689453,249.10000610351562,7760011,0.0,0.0
2025-03-14 14:30:00-04:00,249.11500549316406,251.5800018310547,248.0,248.49000549316406,11058332,0.0,0.0
2025-03-14 15:30:00-04:00,248.50999450683594,250.32989501953125,247.7899932861328,249.98049926757812,8356801,0.0,0.0
2025-03-17 09:30:00-04:00,244.97000122070312,245.01499938964844,237.1999969482422,237.33799743652344,30737986,0.0,0.0
2025-03-17 10:30:00-04:00,237.34500122070312,240.44000244140625,234.39999389648438,235.60000610351562,18107269,0.0,0.0
2025-03-17 11:30:00-04:00,235.60000610351562,236.1300048828125,233.02000427246094,233.3699951171875,14003139,0.0,0.0
2025-03-17 12:30:00-04:00,233.39999389648438,236.7093963623047,232.8000946044922,236.35499572753906,10683442,0.0,0.0
2025-03-17 13:30:00-04:00,236.35569763183594,239.32000732421875,235.79010009765625,239.2949981689453,10663875,0.0,0.0
2025-03-17 14:30:00-04:00,239.2899932861328,240.4199981689453,237.27999877929688,237.45010375976562,10107467,0.0,0.0
2025-03-17 15:30:00-04:00,237.4499969482422,239.89999389648438,237.14059448242188,237.8000030517578,7704728,0.0,0.0
2025-03-18 09:30:00-04:00,228.19000244140625,230.10000610351562,222.27999877929688,225.08999633789062,37621940,0.0,0.0
2025-03-18 10:30:00-04:00,225.0500030517578,228.8800048828125,223.0500030517578,227.9199981689453,17023578,0.0,0.0
2025-03-18 11:30:00-04:00,227.9199981689453,229.5500030517578,226.91009521484375,229.1699981689453,11342686,0.0,0.0
2025-03-18 12:30:00-04:00,229.19000244140625,229.24000549316406,226.1300048828125,226.99549865722656,9359556,0.0,0.0
2025-03-18 13:30:00-04:00,226.9550018310547,227.49920654296875,223.30059814453125,225.13999938964844,10875787,0.0,0.0
2025-03-18 14:30:00-04:00,225.13499450683594,227.9698944091797,225.125,226.41720581054688,9622196,0.0,0.0
2025-03-18 15:30:00-04:00,226.4257049560547,226.86000061035156,224.72000122070312,225.47999572753906,6744236,0.0,0.0
2025-03-19 09:30:00-04:00,231.61000061035156,234.1300048828125,229.2010040283203,231.3332977294922,31129548,0.0,0.0
2025-03-19 10:30:00-04:00,231.30999755859375,235.5,230.4199981689453,235.4149932861328,13355247,0.0,0.0
2025-03-19 11:30:00-04:00,235.42999267578125,237.07000732421875,234.6199951171875,235.17999267578125,11939188,0.0,0.0
2025-03-19 12:30:00-04:00,235.13999938964844,235.20449829101562,233.3699951171875,234.35079956054688,7932142,0.0,0.0
2025-03-19 13:30:00-04:00,234.3350067138672,235.14999389648438,232.07000732421875,233.4149932861328,10568906,0.0,0.0
2025-03-19 14:30:00-04:00,233.4199981689453,241.41000366210938,233.4199981689453,235.2969970703125,19909166,0.0,0.0
2025-03-19 15:30:00-04:00,235.3249969482422,238.14999389648438,235.13999938964844,235.72999572753906,9655736,0.0,0.0
2025-03-20 09:30:00-04:00,233.34500122070312,238.0,232.1300048828125,236.5399932861328,29460042,0.0,0.0
2025-03-20 10:30:00-04:00,236.5,237.07989501953125,234.14999389648438,234.1750030517578,11064190,0.0,0.0
2025-03-20 11:30:00-04:00,233.75999450683594,234.0,230.0500946044922,231.90980529785156,18054184,0.0,0.0
2025-03-20 12:30:00-04:00,231.85890197753906,235.6898956298828,231.85890197753906,234.2700958251953,9749691,0.0,0.0
2025-03-20 13:30:00-04:00,234.35000610351562,236.64999389648438,232.35000610351562,232.47500610351562,9434422,0.0,0.0
2025-03-20 14:30:00-04:00,232.44000244140625,235.0800018310547,231.88999938964844,233.69000244140625,9232350,0.0,0.0
2025-03-20 15:30:00-04:00,233.7100067138672,236.25999450683594,233.6800994873047,236.25,6303791,0.0,0.0
2025-03-21 09:30:00-04:00,234.98500061035156,243.75999450683594,234.5625,238.92990112304688,39806149,0.0,0.0
2025-03-21 10:30:00-04:00,238.9199981689453,242.6790008544922,237.85800170898438,240.25,14483529,0.0,0.0
2025-03-21 11:30:00-04:00,240.3000030517578,245.00999450683594,239.27999877929688,244.9499969482422,12846317,0.0,0.0
2025-03-21 12:30:00-04:00,244.9199981689453,246.8800048828125,244.44000244140625,245.36000061035156,15455552,0.0,0.0
2025-03-21 13:30:00-04:00,245.3699951171875,247.55999755859375,245.16000366210938,246.0749969482422,10491404,0.0,0.0
2025-03-21 14:30:00-04:00,246.07000732421875,247.41000366210938,244.52000427246094,245.02499389648438,11428643,0.0,0.0
2025-03-21 15:30:00-04:00,245.0,249.49000549316406,244.60000610351562,249.11500549316406,12216546,0.0,0.0
2025-03-24 09:30:00-04:00,258.07501220703125,274.3999938964844,256.3299865722656,274.2099914550781,54989616,0.0,0.0
2025-03-24 10:30:00-04:00,274.2025146484375,274.7200012207031,270.70050048828125,271.92999267578125,24990314,0.0,0.0
2025-03-24 11:30:00-04:00,271.92498779296875,273.2799987792969,270.0199890136719,272.31500244140625,15608681,0.0,0.0
2025-03-24 12:30:00-04:00,272.3312072753906,275.7699890136719,271.7699890136719,274.0400085449219,14529904,0.0,0.0
2025-03-24 13:30:00-04:00,274.0899963378906,275.45001220703125,273.30999755859375,275.2300109863281,12401941,0.0,0.0
2025-03-24 14:30:00-04:00,275.239990234375,276.3500061035156,273.6499938964844,276.1700134277344,13880558,0.0,0.0
2025-03-24 15:30:00-04:00,276.1499938964844,278.6400146484375,275.3800048828125,278.44000244140625,16044092,0.0,0.0
2025-03-25 09:30:00-04:00,283.5,283.5849914550781,271.2799987792969,277.154296875,53567044,0.0,0.0
2025-03-25 10:30:00-04:00,277.19000244140625,279.7099914550781,276.1700134277344,277.7300109863281,18994471,0.0,0.0
2025-03-25 11:30:00-04:00,277.7200012207031,279.20001220703125,275.1499938964844,278.07000732421875,12938374,0.0,0.0
2025-03-25 12:30:00-04:00,278.1199951171875,280.7200012207031,277.0,277.2441101074219,12487543,0.0,0.0
2025-03-25 13:30:00-04:00,277.260009765625,280.627685546875,277.1499938964844,279.6700134277344,9764616,0.0,0.0
2025-03-25 14:30:00-04:00,279.7300109863281,284.8699951171875,279.4410095214844,284.54998779296875,17869280,0.0,0.0
2025-03-25 15:30:00-04:00,284.5400085449219,288.20001220703125,284.35418701171875,288.1499938964844,15352239,0.0,0.0
2025-03-26 09:30:00-04:00,282.635009765625,284.8999938964844,272.6000061035156,275.8699951171875,43411866,0.0,0.0
2025-03-26 10:30:00-04:00,275.8550109863281,279.3280029296875,275.07000732421875,276.4800109863281,19623500,0.0,0.0
2025-03-26 11:30:00-04:00,276.5299987792969,277.7799987792969,272.79998779296875,274.3800048828125,15272398,0.0,0.0
2025-03-26 12:30:00-04:00,274.3800048828125,275.0,269.6499938964844,270.8949890136719,16690062,0.0,0.0
2025-03-26 13:30:00-04:00,270.8949890136719,273.49969482421875,268.6600036621094,271.67999267578125,15624876,0.0,0.0
2025-03-26 14:30:00-04:00,271.6216125488281,272.46990966796875,267.2500915527344,267.75421142578125,14116239,0.0,0.0
2025-03-26 15:30:00-04:00,267.7799987792969,272.57281494140625,266.510009765625,271.989990234375,13813701,0.0,0.0
2025-03-27 09:30:00-04:00,272.4800109863281,282.5497131347656,271.82159423828125,282.38079833984375,39865040,0.0,0.0
2025-03-27 10:30:00-04:00,282.4789123535156,291.8399963378906,282.2099914550781,286.9200134277344,32836779,0.0,0.0
2025-03-27 11:30:00-04:00,286.9700012207031,287.17999267578125,280.260009765625,280.4100036621094,22768054,0.0,0.0
2025-03-27 12:30:00-04:00,280.42999267578125,281.9104919433594,273.79998779296875,273.92999267578125,20001861,0.0,0.0
2025-03-27 13:30:00-04:00,273.9599914550781,278.6000061035156,273.7251892089844,276.05999755859375,13066682,0.0,0.0
2025-03-27 14:30:00-04:00,276.04998779296875,279.6700134277344,275.260009765625,278.20001220703125,12845491,0.0,0.0
2025-03-27 15:30:00-04:00,278.19000244140625,278.6400146484375,272.05999755859375,273.2300109863281,11541953,0.0,0.0
2025-03-28 09:30:00-04:00,275.5,276.1000061035156,264.1499938964844,265.0,37328818,0.0,0.0
2025-03-28 10:30:00-04:00,265.0,267.3233947753906,260.7900085449219,265.8562927246094,23256140,0.0,0.0
2025-03-28 11:30:00-04:00,265.75,268.1099853515625,261.75,263.5,13777917,0.0,0.0
2025-03-28 12:30:00-04:00,263.5484924316406,266.0,262.85009765625,263.2799987792969,9844478,0.0,0.0
2025-03-28 13:30:00-04:00,263.2900085449219,265.3999938964844,262.3599853515625,264.6700134277344,10344490,0.0,0.0
2025-03-28 14:30:00-04:00,264.75,265.1733093261719,262.3500061035156,263.05499267578125,11184014,0.0,0.0
2025-03-28 15:30:00-04:00,263.05499267578125,264.70001220703125,260.5799865722656,263.489990234375,10402229,0.0,0.0
2025-03-31 09:30:00-04:00,249.1699981689453,252.0800018310547,243.360107421875,245.38999938964844,41651785,0.0,0.0
2025-03-31 10:30:00-04:00,245.36000061035156,252.3000030517578,245.27000427246094,250.85000610351562,18533744,0.0,0.0
2025-03-31 11:30:00-04:00,250.90249633789062,255.25,250.17999267578125,254.83999633789062,14804221,0.0,0.0
2025-03-31 12:30:00-04:00,254.83999633789062,256.8999938964844,253.66000366210938,254.25,12407319,0.0,0.0
2025-03-31 13:30:00-04:00,254.3000030517578,258.7799072265625,252.6201934814453,258.5458984375,12451271,0.0,0.0
2025-03-31 14:30:00-04:00,258.5799865722656,260.3500061035156,256.5,256.706787109375,14638550,0.0,0.0
2025-03-31 15:30:00-04:00,256.69000244140625,260.55999755859375,256.3500061035156,259.2699890136719,10888065,0.0,0.0
2025-04-01 09:30:00-04:00,263.7349853515625,268.1199951171875,259.25,265.989990234375,36961818,0.0,0.0
2025-04-01 10:30:00-04:00,265.8900146484375,274.8299865722656,265.70001220703125,274.1700134277344,25912140,0.0,0.0
2025-04-01 11:30:00-04:00,274.19000244140625,277.45001220703125,272.5299987792969,273.7301025390625,19176163,0.0,0.0
2025-04-01 12:30:00-04:00,273.7900085449219,275.5,271.0,273.3384094238281,15736633,0.0,0.0
2025-04-01 13:30:00-04:00,273.29998779296875,275.9100036621094,269.1700134277344,269.8500061035156,15097651,0.0,0.0
2025-04-01 14:30:00-04:00,269.79998779296875,271.0799865722656,267.0899963378906,269.04998779296875,14511371,0.0,0.0
2025-04-01 15:30:00-04:00,269.0799865722656,271.05999755859375,268.20001220703125,268.4800109863281,10506787,0.0,0.0
2025-04-02 09:30:00-04:00,254.60000610351562,266.48919677734375,251.27000427246094,263.0299987792969,47891682,0.0,0.0
2025-04-02 10:30:00-04:00,262.9949951171875,276.9800109863281,260.1300048828125,275.5166015625,31555016,0.0,0.0
2025-04-02 11:30:00-04:00,275.5,284.389892578125,273.54998779296875,283.2200012207031,36251594,0.0,0.0
2025-04-02 12:30:00-04:00,283.2099914550781,284.20001220703125,268.4599914550781,283.5799865722656,26505661,0.0,0.0
2025-04-02 13:30:00-04:00,283.5849914550781,283.9100036621094,268.4599914550781,278.6400146484375,17370739,0.0,0.0
2025-04-02 14:30:00-04:00,278.6099853515625,283.260009765625,278.3800048828125,280.6700134277344,16539074,0.0,0.0
2025-04-02 15:30:00-04:00,280.6199951171875,284.989990234375,278.5299987792969,282.6700134277344,15968073,0.0,0.0
2025-04-03 09:30:00-04:00,265.239990234375,276.29998779296875,264.0,267.3575134277344,42989378,0.0,0.0
2025-04-03 10:30:00-04:00,267.29998779296875,268.4798889160156,261.5199890136719,265.5799865722656,22322398,0.0,0.0
2025-04-03 11:30:00-04:00,265.5400085449219,271.489990234375,265.0299987792969,270.8800048828125,16312651,0.0,0.0
2025-04-03 12:30:00-04:00,270.9599914550781,271.6000061035156,267.0,268.2799987792969,13889973,0.0,0.0
2025-04-03 13:30:00-04:00,268.2650146484375,270.5,266.5799865722656,267.0877990722656,9511327,0.0,0.0
2025-04-03 14:30:00-04:00,267.0801086425781,270.2200012207031,265.2099914550781,265.8999938964844,13470195,0.0,0.0
2025-04-03 15:30:00-04:00,265.9549865722656,268.3800048828125,264.8599853515625,267.81500244140625,8644705,0.0,0.0
2025-04-04 09:30:00-04:00,255.3699951171875,261.0,242.30999755859375,242.4136962890625,51747871,0.0,0.0
2025-04-04 10:30:00-04:00,242.47999572753906,248.79989624023438,236.0,243.75,36682565,0.0,0.0
2025-04-04 11:30:00-04:00,243.82000732421875,245.82980346679688,240.6999969482422,241.4199981689453,18147517,0.0,0.0
2025-04-04 12:30:00-04:00,241.41000366210938,243.19000244140625,239.36000061035156,241.01690673828125,16075365,0.0,0.0
2025-04-04 13:30:00-04:00,240.9600067138672,246.22999572753906,239.74099731445312,240.23500061035156,14242706,0.0,0.0
2025-04-04 14:30:00-04:00,240.27000427246094,243.9302978515625,238.4199981689453,242.7899932861328,16660250,0.0,0.0
2025-04-04 15:30:00-04:00,242.6699981689453,245.2626953125,238.7100067138672,239.33999633789062,14746733,0.0,0.0
2025-04-07 09:30:00-04:00,223.77999877929688,252.0,214.25,226.6999969482422,69866535,0.0,0.0
2025-04-07 10:30:00-04:00,229.50999450683594,237.19000244140625,224.19500732421875,225.82000732421875,29322174,0.0,0.0
2025-04-07 11:30:00-04:00,225.7082061767578,231.639892578125,225.13999938964844,228.85000610351562,16177634,0.0,0.0
2025-04-07 12:30:00-04:00,228.8699951171875,234.65769958496094,225.67010498046875,233.16990661621094,14899541,0.0,0.0
2025-04-07 13:30:00-04:00,233.0449981689453,237.3699951171875,230.52000427246094,231.55499267578125,15566365,0.0,0.0
2025-04-07 14:30:00-04:00,231.5574951171875,234.89990234375,227.75010681152344,229.4499969482422,15140109,0.0,0.0
2025-04-07 15:30:00-04:00,229.44000244140625,234.66000366210938,228.17010498046875,233.2899932861328,11034151,0.0,0.0
