Datetime,Open,High,Low,Close,Volume,Dividends,Stock Splits
2025-03-03 09:30:00-05:00,10.680000305175781,10.79990005493164,10.4399995803833,10.46500015258789,2854468,0.0,0.0
2025-03-03 10:30:00-05:00,10.460000038146973,10.53499984741211,10.399999618530273,10.414999961853027,2150355,0.0,0.0
2025-03-03 11:30:00-05:00,10.414999961853027,10.470000267028809,10.390000343322754,10.39579963684082,1256031,0.0,0.0
2025-03-03 12:30:00-05:00,10.395000457763672,10.399999618530273,10.25,10.255000114440918,1646206,0.0,0.0
2025-03-03 13:30:00-05:00,10.255000114440918,10.324999809265137,10.239999771118164,10.28499984741211,1582956,0.0,0.0
2025-03-03 14:30:00-05:00,10.28499984741211,10.3100004196167,10.140000343322754,10.145000457763672,2544146,0.0,0.0
2025-03-03 15:30:00-05:00,10.145000457763672,10.279999732971191,10.140000343322754,10.260000228881836,3098804,0.0,0.0
2025-03-04 09:30:00-05:00,10.770000457763672,11.100000381469727,10.699999809265137,11.005000114440918,15525407,0.0,0.0
2025-03-04 10:30:00-05:00,11.010000228881836,11.039999961853027,10.869999885559082,10.904999732971191,3437233,0.0,0.0
2025-03-04 11:30:00-05:00,10.904999732971191,11.25,10.892499923706055,11.0649995803833,5399267,0.0,0.0
2025-03-04 12:30:00-05:00,11.0649995803833,11.104999542236328,10.984999656677246,11.055000305175781,2427519,0.0,0.0
2025-03-04 13:30:00-05:00,11.0600004196167,11.0600004196167,10.979999542236328,11.0,2476136,0.0,0.0
2025-03-04 14:30:00-05:00,11.004400253295898,11.039299964904785,10.90999984741211,10.914999961853027,2824731,0.0,0.0
2025-03-04 15:30:00-05:00,10.914999961853027,10.954999923706055,10.8100004196167,10.829999923706055,4182798,0.0,0.0
2025-03-05 09:30:00-05:00,10.850000381469727,11.01990032196045,10.800000190734863,10.802499771118164,4057731,0.0,0.0
2025-03-05 10:30:00-05:00,10.805000305175781,10.835000038146973,10.649999618530273,10.694999694824219,2750183,0.0,0.0
2025-03-05 11:30:00-05:00,10.694999694824219,10.746600151062012,10.619999885559082,10.725000381469727,1352149,0.0,0.0
2025-03-05 12:30:00-05:00,10.725000381469727,10.734999656677246,10.569999694824219,10.585000038146973,2563524,0.0,0.0
2025-03-05 13:30:00-05:00,10.579999923706055,10.640000343322754,10.505000114440918,10.604999542236328,2607984,0.0,0.0
2025-03-05 14:30:00-05:00,10.604999542236328,10.626799583435059,10.520000457763672,10.619999885559082,1922754,0.0,0.0
2025-03-05 15:30:00-05:00,10.614999771118164,10.760000228881836,10.600000381469727,10.760000228881836,5207807,0.0,0.0
2025-03-06 09:30:00-05:00,10.760000228881836,10.779999732971191,10.5600004196167,10.65999984741211,2137438,0.0,0.0
2025-03-06 10:30:00-05:00,10.649999618530273,10.739999771118164,10.630000114440918,10.649999618530273,1459054,0.0,0.0
2025-03-06 11:30:00-05:00,10.649999618530273,10.670000076293945,10.574999809265137,10.609999656677246,1656649,0.0,0.0
2025-03-06 12:30:00-05:00,10.604999542236328,10.65999984741211,10.574999809265137,10.625,1263845,0.0,0.0
2025-03-06 13:30:00-05:00,10.625,10.694999694824219,10.609999656677246,10.645000457763672,811733,0.0,0.0
2025-03-06 14:30:00-05:00,10.649999618530273,10.729999542236328,10.618300437927246,10.669899940490723,1097573,0.0,0.0
2025-03-06 15:30:00-05:00,10.670000076293945,10.71500015258789,10.59000015258789,10.609999656677246,2031803,0.0,0.0
2025-03-07 09:30:00-05:00,11.375,11.524999618530273,11.345000267028809,11.375,52642650,0.0,0.0
2025-03-07 10:30:00-05:00,11.375,11.380000114440918,11.329999923706055,11.354999542236328,13308844,0.0,0.0
2025-03-07 11:30:00-05:00,11.354999542236328,11.380000114440918,11.319999694824219,11.380000114440918,5443407,0.0,0.0
2025-03-07 12:30:00-05:00,11.375,11.430000305175781,11.369999885559082,11.404999732971191,6823623,0.0,0.0
2025-03-07 13:30:00-05:00,11.409899711608887,11.40999984741211,11.375,11.390000343322754,6082623,0.0,0.0
2025-03-07 14:30:00-05:00,11.385000228881836,11.399999618530273,11.380000114440918,11.390000343322754,5830442,0.0,0.0
2025-03-07 15:30:00-05:00,11.389900207519531,11.40999984741211,11.380000114440918,11.385000228881836,8142470,0.0,0.0
2025-03-10 09:30:00-04:00,11.3100004196167,11.369999885559082,11.288999557495117,11.305000305175781,7184975,0.0,0.0
2025-03-10 10:30:00-04:00,11.305000305175781,11.3100004196167,11.25,11.255000114440918,4827078,0.0,0.0
2025-03-10 11:30:00-04:00,11.25,11.270000457763672,11.210000038146973,11.265000343322754,3373272,0.0,0.0
2025-03-10 12:30:00-04:00,11.265000343322754,11.270000457763672,11.199999809265137,11.234999656677246,2788900,0.0,0.0
2025-03-10 13:30:00-04:00,11.234999656677246,11.239999771118164,11.210000038146973,11.21500015258789,5102154,0.0,0.0
2025-03-10 14:30:00-04:00,11.220000267028809,11.25,11.199999809265137,11.234999656677246,4486309,0.0,0.0
2025-03-10 15:30:00-04:00,11.234999656677246,11.289999961853027,11.220000267028809,11.279999732971191,4827433,0.0,0.0
2025-03-11 09:30:00-04:00,11.25,11.319999694824219,11.210000038146973,11.225000381469727,6529566,0.0,0.0
2025-03-11 10:30:00-04:00,11.220000267028809,11.239899635314941,11.151000022888184,11.21500015258789,3112144,0.0,0.0
2025-03-11 11:30:00-04:00,11.220000267028809,11.225000381469727,11.199999809265137,11.204999923706055,1505372,0.0,0.0
2025-03-11 12:30:00-04:00,11.199999809265137,11.220000267028809,11.1899995803833,11.194999694824219,2075457,0.0,0.0
2025-03-11 13:30:00-04:00,11.194999694824219,11.220000267028809,11.15999984741211,11.170000076293945,4040950,0.0,0.0
2025-03-11 14:30:00-04:00,11.17590045928955,11.220000267028809,11.15999984741211,11.199999809265137,4813892,0.0,0.0
2025-03-11 15:30:00-04:00,11.210000038146973,11.229999542236328,11.1899995803833,11.21500015258789,6045077,0.0,0.0
2025-03-12 09:30:00-04:00,11.239999771118164,11.260000228881836,11.180000305175781,11.204999923706055,2338234,0.0,0.0
2025-03-12 10:30:00-04:00,11.204999923706055,11.210000038146973,11.149999618530273,11.168899536132812,2062196,0.0,0.0
2025-03-12 11:30:00-04:00,11.170000076293945,11.1899995803833,11.15999984741211,11.170000076293945,1381880,0.0,0.0
2025-03-12 12:30:00-04:00,11.164999961853027,11.1850004196167,11.15999984741211,11.180000305175781,2349085,0.0,0.0
2025-03-12 13:30:00-04:00,11.175000190734863,11.199999809265137,11.170000076293945,11.188400268554688,1527172,0.0,0.0
2025-03-12 14:30:00-04:00,11.1899995803833,11.199999809265137,11.175000190734863,11.1850004196167,1510564,0.0,0.0
2025-03-12 15:30:00-04:00,11.1850004196167,11.210000038146973,11.170000076293945,11.199999809265137,3834496,0.0,0.0
2025-03-13 09:30:00-04:00,11.180000305175781,11.270000457763672,11.180000305175781,11.229999542236328,2101631,0.0,0.0
2025-03-13 10:30:00-04:00,11.234999656677246,11.300000190734863,11.229999542236328,11.279999732971191,2555895,0.0,0.0
2025-03-13 11:30:00-04:00,11.28499984741211,11.319999694824219,11.255000114440918,11.295000076293945,3692382,0.0,0.0
2025-03-13 12:30:00-04:00,11.295000076293945,11.29990005493164,11.260000228881836,11.274999618530273,2608097,0.0,0.0
2025-03-13 13:30:00-04:00,11.274999618530273,11.274999618530273,11.229999542236328,11.239999771118164,1036557,0.0,0.0
2025-03-13 14:30:00-04:00,11.239999771118164,11.270000457763672,11.229999542236328,11.260000228881836,1266990,0.0,0.0
2025-03-13 15:30:00-04:00,11.255000114440918,11.270000457763672,11.229999542236328,11.255000114440918,2137492,0.0,0.0
2025-03-14 09:30:00-04:00,11.239999771118164,11.279999732971191,11.229999542236328,11.260000228881836,1356189,0.0,0.0
2025-03-14 10:30:00-04:00,11.265000343322754,11.270000457763672,11.239999771118164,11.239999771118164,782495,0.0,0.0
2025-03-14 11:30:00-04:00,11.239999771118164,11.25,11.225000381469727,11.234999656677246,1265858,0.0,0.0
2025-03-14 12:30:00-04:00,11.234999656677246,11.260000228881836,11.229999542236328,11.239999771118164,1250438,0.0,0.0
2025-03-14 13:30:00-04:00,11.239999771118164,11.25,11.225000381469727,11.23009967803955,1452625,0.0,0.0
2025-03-14 14:30:00-04:00,11.229999542236328,11.239999771118164,11.229999542236328,11.229999542236328,725925,0.0,0.0
2025-03-14 15:30:00-04:00,11.225000381469727,11.239999771118164,11.210000038146973,11.220000267028809,1875287,0.0,0.0
2025-03-17 09:30:00-04:00,11.236000061035156,11.28499984741211,11.199999809265137,11.28499984741211,2129685,0.0,0.0
2025-03-17 10:30:00-04:00,11.279999732971191,11.289999961853027,11.260000228881836,11.274999618530273,1138902,0.0,0.0
2025-03-17 11:30:00-04:00,11.271599769592285,11.279999732971191,11.25,11.25,836579,0.0,0.0
2025-03-17 12:30:00-04:00,11.25,11.270000457763672,11.25,11.265000343322754,704802,0.0,0.0
2025-03-17 13:30:00-04:00,11.267499923706055,11.279999732971191,11.260000228881836,11.274999618530273,970097,0.0,0.0
2025-03-17 14:30:00-04:00,11.279999732971191,11.279999732971191,11.25,11.25,958805,0.0,0.0
2025-03-17 15:30:00-04:00,11.255000114440918,11.270000457763672,11.170000076293945,11.270000457763672,3269894,0.0,0.0
2025-03-18 09:30:00-04:00,11.25,11.265000343322754,11.220000267028809,11.25,1217374,0.0,0.0
2025-03-18 10:30:00-04:00,11.244999885559082,11.25,11.220000267028809,11.225000381469727,747959,0.0,0.0
2025-03-18 11:30:00-04:00,11.225000381469727,11.239999771118164,11.210000038146973,11.21500015258789,794309,0.0,0.0
2025-03-18 12:30:00-04:00,11.21500015258789,11.229999542236328,11.180000305175781,11.1899995803833,765992,0.0,0.0
2025-03-18 13:30:00-04:00,11.1899995803833,11.210000038146973,11.180000305175781,11.1850004196167,1085149,0.0,0.0
2025-03-18 14:30:00-04:00,11.1850004196167,11.210000038146973,11.180000305175781,11.204999923706055,896025,0.0,0.0
2025-03-18 15:30:00-04:00,11.204999923706055,11.210000038146973,11.170000076293945,11.180000305175781,2172200,0.0,0.0
2025-03-19 09:30:00-04:00,11.170000076293945,11.199999809265137,11.15999984741211,11.194999694824219,1785055,0.0,0.0
2025-03-19 10:30:00-04:00,11.193099975585938,11.199999809265137,11.170000076293945,11.175000190734863,837254,0.0,0.0
2025-03-19 11:30:00-04:00,11.180000305175781,11.199999809265137,11.170000076293945,11.1850004196167,965386,0.0,0.0
2025-03-19 12:30:00-04:00,11.183500289916992,11.1899995803833,11.170000076293945,11.1850004196167,784663,0.0,0.0
2025-03-19 13:30:00-04:00,11.1850004196167,11.199999809265137,11.170000076293945,11.199999809265137,773016,0.0,0.0
2025-03-19 14:30:00-04:00,11.194999694824219,11.199999809265137,11.180000305175781,11.1850004196167,877046,0.0,0.0
2025-03-19 15:30:00-04:00,11.1850004196167,11.1899995803833,11.170000076293945,11.175000190734863,1223280,0.0,0.0
2025-03-20 09:30:00-04:00,11.15999984741211,11.199999809265137,11.119999885559082,11.164999961853027,1826884,0.0,0.0
2025-03-20 10:30:00-04:00,11.164999961853027,11.194999694824219,11.15999984741211,11.175000190734863,1125851,0.0,0.0
2025-03-20 11:30:00-04:00,11.175000190734863,11.180000305175781,11.149999618530273,11.149999618530273,630390,0.0,0.0
2025-03-20 12:30:00-04:00,11.154999732971191,11.159899711608887,11.130000114440918,11.145000457763672,920253,0.0,0.0
2025-03-20 13:30:00-04:00,11.145000457763672,11.164999961853027,11.142999649047852,11.154999732971191,861090,0.0,0.0
2025-03-20 14:30:00-04:00,11.149999618530273,11.15999984741211,11.149999618530273,11.149999618530273,513833,0.0,0.0
2025-03-20 15:30:00-04:00,11.149999618530273,11.15999984741211,11.130000114440918,11.135000228881836,2351156,0.0,0.0
2025-03-21 09:30:00-04:00,11.109999656677246,11.175100326538086,11.100000381469727,11.125,2667104,0.0,0.0
2025-03-21 10:30:00-04:00,11.125,11.140000343322754,11.100000381469727,11.135000228881836,1687268,0.0,0.0
2025-03-21 11:30:00-04:00,11.135000228881836,11.149999618530273,11.119999885559082,11.135000228881836,1773427,0.0,0.0
2025-03-21 12:30:00-04:00,11.135000228881836,11.170000076293945,11.130000114440918,11.154999732971191,920704,0.0,0.0
2025-03-21 13:30:00-04:00,11.154999732971191,11.180000305175781,11.149999618530273,11.164999961853027,1584070,0.0,0.0
2025-03-21 14:30:00-04:00,11.164999961853027,11.1899995803833,11.15999984741211,11.175000190734863,2722712,0.0,0.0
2025-03-21 15:30:00-04:00,11.170000076293945,11.180000305175781,11.079999923706055,11.109999656677246,4742080,0.0,0.0
2025-03-24 09:30:00-04:00,11.129899978637695,11.140000343322754,11.09000015258789,11.100000381469727,1682814,0.0,0.0
2025-03-24 10:30:00-04:00,11.100000381469727,11.119999885559082,11.09160041809082,11.109999656677246,1122334,0.0,0.0
2025-03-24 11:30:00-04:00,11.114999771118164,11.130000114440918,11.109999656677246,11.125,780959,0.0,0.0
2025-03-24 12:30:00-04:00,11.125,11.140000343322754,11.109999656677246,11.135000228881836,718915,0.0,0.0
2025-03-24 13:30:00-04:00,11.135000228881836,11.140000343322754,11.111000061035156,11.125,648441,0.0,0.0
2025-03-24 14:30:00-04:00,11.125,11.149999618530273,11.119999885559082,11.149999618530273,1473691,0.0,0.0
2025-03-24 15:30:00-04:00,11.145000457763672,11.149999618530273,11.130000114440918,11.149999618530273,2243719,0.0,0.0
2025-03-25 09:30:00-04:00,11.149999618530273,11.170000076293945,11.119999885559082,11.135000228881836,950149,0.0,0.0
2025-03-25 10:30:00-04:00,11.135000228881836,11.15999984741211,11.119999885559082,11.154999732971191,975568,0.0,0.0
2025-03-25 11:30:00-04:00,11.154999732971191,11.170000076293945,11.140000343322754,11.145000457763672,706279,0.0,0.0
2025-03-25 12:30:00-04:00,11.149999618530273,11.170000076293945,11.140000343322754,11.154999732971191,613887,0.0,0.0
2025-03-25 13:30:00-04:00,11.15999984741211,11.15999984741211,11.145000457763672,11.159799575805664,503962,0.0,0.0
2025-03-25 14:30:00-04:00,11.154999732971191,11.15999984741211,11.140000343322754,11.145000457763672,985352,0.0,0.0
2025-03-25 15:30:00-04:00,11.140000343322754,11.149999618530273,11.119999885559082,11.125,1782626,0.0,0.0
2025-03-26 09:30:00-04:00,11.130000114440918,11.149999618530273,11.109999656677246,11.125,1461358,0.0,0.0
2025-03-26 10:30:00-04:00,11.125,11.130000114440918,11.119999885559082,11.125,1139512,0.0,0.0
2025-03-26 11:30:00-04:00,11.130000114440918,11.140000343322754,11.125,11.135000228881836,616350,0.0,0.0
2025-03-26 12:30:00-04:00,11.135000228881836,11.140000343322754,11.109999656677246,11.130000114440918,1199748,0.0,0.0
2025-03-26 13:30:00-04:00,11.130000114440918,11.140000343322754,11.119999885559082,11.130000114440918,1529070,0.0,0.0
2025-03-26 14:30:00-04:00,11.135000228881836,11.140000343322754,11.119999885559082,11.130000114440918,990580,0.0,0.0
2025-03-26 15:30:00-04:00,11.130000114440918,11.140000343322754,11.100000381469727,11.104999542236328,1959862,0.0,0.0
2025-03-27 09:30:00-04:00,11.109999656677246,11.145000457763672,11.109999656677246,11.125,1494583,0.0,0.0
2025-03-27 10:30:00-04:00,11.125,11.149999618530273,11.119999885559082,11.134099960327148,1436791,0.0,0.0
2025-03-27 11:30:00-04:00,11.132499694824219,11.1899995803833,11.130000114440918,11.175299644470215,1489736,0.0,0.0
2025-03-27 12:30:00-04:00,11.170000076293945,11.175000190734863,11.140000343322754,11.170000076293945,1514428,0.0,0.0
2025-03-27 13:30:00-04:00,11.170000076293945,11.199999809265137,11.15999984741211,11.194999694824219,884417,0.0,0.0
2025-03-27 14:30:00-04:00,11.199999809265137,11.199999809265137,11.170000076293945,11.1850004196167,1001522,0.0,0.0
2025-03-27 15:30:00-04:00,11.1850004196167,11.1899995803833,11.170000076293945,11.170000076293945,1116297,0.0,0.0
2025-03-28 09:30:00-04:00,11.149999618530273,11.1899995803833,11.149999618530273,11.1850004196167,1428981,0.0,0.0
2025-03-28 10:30:00-04:00,11.1850004196167,11.1899995803833,11.170000076293945,11.175999641418457,703083,0.0,0.0
2025-03-28 11:30:00-04:00,11.175000190734863,11.1899995803833,11.170000076293945,11.170000076293945,619333,0.0,0.0
2025-03-28 12:30:00-04:00,11.175000190734863,11.180000305175781,11.140000343322754,11.144000053405762,902057,0.0,0.0
2025-03-28 13:30:00-04:00,11.145000457763672,11.170000076293945,11.140000343322754,11.149999618530273,1366188,0.0,0.0
2025-03-28 14:30:00-04:00,11.145000457763672,11.1899995803833,11.140000343322754,11.1850004196167,2610585,0.0,0.0
2025-03-28 15:30:00-04:00,11.1850004196167,11.1899995803833,11.170000076293945,11.180000305175781,2274212,0.0,0.0
2025-03-31 09:30:00-04:00,11.149999618530273,11.199999809265137,11.149999618530273,11.194999694824219,1215134,0.0,0.0
2025-03-31 10:30:00-04:00,11.199999809265137,11.199999809265137,11.15999984741211,11.15999984741211,902777,0.0,0.0
2025-03-31 11:30:00-04:00,11.15999984741211,11.170000076293945,11.140000343322754,11.145000457763672,649052,0.0,0.0
2025-03-31 12:30:00-04:00,11.145000457763672,11.15999984741211,11.140000343322754,11.145000457763672,1197314,0.0,0.0
2025-03-31 13:30:00-04:00,11.145000457763672,11.170000076293945,11.140000343322754,11.164999961853027,949584,0.0,0.0
2025-03-31 14:30:00-04:00,11.164999961853027,11.180000305175781,11.15999984741211,11.164999961853027,981942,0.0,0.0
2025-03-31 15:30:00-04:00,11.164999961853027,11.180000305175781,11.15999984741211,11.170000076293945,1969481,0.0,0.0
2025-04-01 09:30:00-04:00,11.164999961853027,11.17650032043457,11.09000015258789,11.100000381469727,2672088,0.0,0.0
2025-04-01 10:30:00-04:00,11.100000381469727,11.140000343322754,11.100000381469727,11.135000228881836,1294307,0.0,0.0
2025-04-01 11:30:00-04:00,11.131600379943848,11.131600379943848,11.110199928283691,11.121199607849121,723787,0.0,0.0
2025-04-01 12:30:00-04:00,11.125,11.149999618530273,11.119999885559082,11.149999618530273,577463,0.0,0.0
2025-04-01 13:30:00-04:00,11.145000457763672,11.149999618530273,11.132499694824219,11.140000343322754,1108437,0.0,0.0
2025-04-01 14:30:00-04:00,11.145000457763672,11.145000457763672,11.109999656677246,11.114999771118164,1017644,0.0,0.0
2025-04-01 15:30:00-04:00,11.119999885559082,11.15999984741211,11.110099792480469,11.15999984741211,1935126,0.0,0.0
2025-04-02 09:30:00-04:00,11.109999656677246,11.170000076293945,11.109999656677246,11.15999984741211,893404,0.0,0.0
2025-04-02 10:30:00-04:00,11.154999732971191,11.15999984741211,11.109999656677246,11.135000228881836,1041672,0.0,0.0
2025-04-02 11:30:00-04:00,11.135000228881836,11.15999984741211,11.130000114440918,11.145000457763672,588174,0.0,0.0
2025-04-02 12:30:00-04:00,11.140000343322754,11.15999984741211,11.140000343322754,11.154999732971191,517570,0.0,0.0
2025-04-02 13:30:00-04:00,11.154999732971191,11.220000267028809,11.149999618530273,11.190099716186523,1773252,0.0,0.0
2025-04-02 14:30:00-04:00,11.194999694824219,11.199999809265137,11.1899995803833,11.199999809265137,591287,0.0,0.0
2025-04-02 15:30:00-04:00,11.191699981689453,11.199999809265137,11.170000076293945,11.1899995803833,2860456,0.0,0.0
2025-04-03 09:30:00-04:00,11.079999923706055,11.140000343322754,11.050000190734863,11.050000190734863,3076029,0.0,0.0
2025-04-03 10:30:00-04:00,11.055000305175781,11.069999694824219,11.020000457763672,11.045000076293945,3876444,0.0,0.0
2025-04-03 11:30:00-04:00,11.048999786376953,11.0600004196167,11.039999961853027,11.055000305175781,1343073,0.0,0.0
2025-04-03 12:30:00-04:00,11.050000190734863,11.069999694824219,11.039999961853027,11.050000190734863,2580095,0.0,0.0
2025-04-03 13:30:00-04:00,11.045000076293945,11.050000190734863,11.0,11.005000114440918,2269876,0.0,0.0
2025-04-03 14:30:00-04:00,11.005000114440918,11.020000457763672,10.9399995803833,10.994999885559082,3441595,0.0,0.0
2025-04-03 15:30:00-04:00,10.989999771118164,11.0600004196167,10.949999809265137,11.055000305175781,2478032,0.0,0.0
2025-04-04 09:30:00-04:00,10.899999618530273,10.925000190734863,10.520000457763672,10.675000190734863,7460551,0.0,0.0
2025-04-04 10:30:00-04:00,10.675000190734863,10.75,10.595000267028809,10.710000038146973,3033972,0.0,0.0
2025-04-04 11:30:00-04:00,10.719900131225586,10.755000114440918,10.649999618530273,10.65999984741211,1592832,0.0,0.0
2025-04-04 12:30:00-04:00,10.669899940490723,10.720000267028809,10.649999618530273,10.71500015258789,2038508,0.0,0.0
2025-04-04 13:30:00-04:00,10.71500015258789,10.800000190734863,10.6899995803833,10.744999885559082,3247523,0.0,0.0
2025-04-04 14:30:00-04:00,10.744999885559082,10.75,10.699999809265137,10.71500015258789,2362832,0.0,0.0
2025-04-04 15:30:00-04:00,10.71500015258789,10.800000190734863,10.670000076293945,10.670000076293945,4589438,0.0,0.0
2025-04-07 09:30:00-04:00,10.319999694824219,10.649999618530273,10.024999618530273,10.289999961853027,8240180,0.0,0.0
2025-04-07 10:30:00-04:00,10.305000305175781,10.566900253295898,10.270000457763672,10.4399995803833,3666073,0.0,0.0
2025-04-07 11:30:00-04:00,10.4399995803833,10.569999694824219,10.425000190734863,10.51099967956543,1816000,0.0,0.0
2025-04-07 12:30:00-04:00,10.510000228881836,10.59000015258789,10.449999809265137,10.59000015258789,1700958,0.0,0.0
2025-04-07 13:30:00-04:00,10.579999923706055,10.710000038146973,10.555000305175781,10.664999961853027,1951399,0.0,0.0
2025-04-07 14:30:00-04:00,10.664999961853027,10.739999771118164,10.664999961853027,10.6850004196167,2749513,0.0,0.0
2025-04-07 15:30:00-04:00,10.6899995803833,10.729999542236328,10.649999618530273,10.729999542236328,3357864,0.0,0.0
